0 18 77 90 42 72 89 35 11 84 35 81 16 68 89 85 73 78 90 14 88 67 46 77 61 82 4 4 63 96 21 29 40 4 77 82 49 78 69 95 46 52 72 23 8 62 66 68 87 58 42 35 20 42 20 53 41 87 14 30 61 32 65 41 4 11 98 50 32 92 3 20 93 85 14 11 97 71 16 49 5 62 74 40 78 25 66 28 82 16 66 31 12 23 19 68 98 54 53 80 25 91 13 9 24 18 54 41 18 17 56 43 37 20 71 86 67 33 2 65 58 60 40 61 13 46 17 12 9 40 23 37 12 33 37 91 47 48 74 97 16 4 44 67 46 78 69 52 98 41
22 0 36 78 32 33 89 71 56 14 83 28 70 4 44 53 77 78 76 58 39 11 56 78 48 78 47 88 37 29 53 37 4 12 58 82 15 41 3 4 69 40 26 90 69 48 20 72 6 91 66 2 7 9 8 10 54 62 91 84 51 27 99 57 98 81 55 93 23 67 48 37 97 25 75 69 15 20 79 3 90 7 6 56 39 77 55 27 66 61 42 36 39 61 65 13 54 3 36 10 9 82 100 92 38 57 33 17 82 67 45 55 27 41 85 86 26 52 90 57 17 97 38 7 82 93 24 31 32 99 52 37 63 80 21 61 82 18 43 55 50 14 87 60 67 36 48 2 15 15
22 53 0 26 77 91 53 69 87 100 34 91 83 32 12 35 46 79 84 92 26 68 46 11 6 9 44 62 87 79 38 71 81 43 13 54 22 44 6 36 62 67 71 29 8 25 22 25 72 52 46 49 48 86 88 66 19 87 77 21 13 31 12 94 93 30 27 97 77 3 86 80 1 31 47 68 16 73 30 78 23 81 81 46 79 91 100 29 50 30 54 77 47 42 52 17 36 71 82 8 46 25 4 1 93 92 46 85 46 77 94 79 83 34 98 43 94 88 49 41 85 20 37 38 60 58 91 78 60 26 12 9 76 71 75 91 28 17 80 22 91 80 71 18 69 88 58 59 19 3
100 53 10 0 80 44 15 2 28 34 90 67 65 87 17 87 92 1 57 61 36 8 13 63 100 53 46 37 85 40 59 10 97 62 15 3 8 56 52 69 59 45 7 15 75 41 63 95 70 73 14 29 34 6 34 14 6 37 77 42 49 60 37 49 69 78 27 86 97 17 43 45 49 69 78 85 24 1 100 5 49 60 96 56 25 73 63 76 18 51 75 50 31 98 65 56 87 14 1 71 24 60 49 84 87 67 2 51 27 54 37 16 60 48 83 91 100 70 69 27 61 53 87 91 32 26 91 29 12 38 70 44 1 57 27 68 49 17 4 58 3 15 7 77 42 48 8 1 17 18
33 43 33 81 0 13 56 83 30 30 34 26 83 92 57 63 9 64 60 27 80 17 94 97 5 1 12 19 70 72 80 88 37 32 4 5 66 61 81 24 73 74 36 52 94 74 31 7 40 55 83 46 4 13 79 98 68 99 16 100 96 88 5 99 96 29 47 43 54 89 22 38 80 90 81 22 16 50 89 98 21 6 16 77 62 58 69 23 98 6 42 82 31 83 95 64 31 77 91 32 45 65 36 15 96 91 25 25 8 35 45 97 65 34 89 67 66 34 48 35 57 32 50 3 41 53 20 100 5 82 8 97 58 6 59 61 57 17 45 65 85 4 53 65 59 81 73 2 25 5
33 79 74 53 76 0 2 20 79 31 65 49 33 55 32 58 54 100 17 5 73 7 69 9 60 82 64 72 92 8 40 11 83 35 38 21 63 88 59 35 15 68 75 64 24 61 80 58 10 95 24 64 79 71 6 30 38 73 41 74 16 85 89 55 38 12 10 14 15 57 41 49 27 95 91 11 27 9 51 8 17 70 54 64 46 28 2 37 92 43 24 53 26 82 48 69 44 96 35 52 17 31 31 14 56 100 63 70 5 50 53 51 89 62 36 13 17 68 49 44 49 3 70 2 57 15 26 78 100 31 16 98 63 17 18 6 94 97 86 76 7 17 34 60 44 100 25 27 30 53
51 3 80 20 31 36 0 11 49 88 34 71 59 30 20 79 32 51 9 54 9 38 99 88 6 90 38 60 18 87 61 89 10 41 29 50 29 78 8 45 30 81 52 70 21 5 34 61 79 66 55 41 34 4 88 100 96 3 57 77 81 52 30 9 43 32 80 29 98 49 70 51 76 41 32 19 55 26 70 42 82 14 43 4 54 77 52 79 23 20 91 31 39 35 38 58 72 72 99 67 53 12 24 78 11 69 82 46 2 11 23 76 82 85 83 81 79 10 54 48 99 31 40 72 73 57 5 75 36 48 57 84 83 12 10 35 20 6 83 69 78 41 96 5 30 11 39 38 54 8
29 56 86 78 51 20 13 0 36 8 66 88 11 18 83 30 53 80 47 60 43 64 4 62 67 18 7 83 71 83 57 4 86 20 84 98 43 23 34 64 11 63 90 8 96 24 59 98 38 58 52 52 24 56 86 5 87 86 25 69 36 58 73 77 93 77 46 82 49 52 81 20 2 57 71 66 24 81 9 98 13 95 2 98 100 94 74 63 98 29 79 78 88 51 81 65 26 14 71 32 35 73 57 34 46 51 43 82 49 83 83 77 90 10 95 50 57 48 3 62 70 79 70 81 4 37 93 24 30 42 10 80 66 38 78 44 3 65 46 4 11 63 65 60 39 11 17 27 91 3
37 75 6 66 74 12 50 46 0 80 57 75 99 3 75 4 3 4 83 92 80 93 97 26 97 45 25 36 29 48 35 15 43 93 25 82 12 46 69 42 98 6 36 25 69 38 87 82 34 44 80 62 24 92 97 33 81 17 26 34 35 53 24 55 90 39 8 72 68 31 36 63 14 4 32 99 48 93 26 84 91 59 74 73 9 6 54 50 2 72 38 52 52 3 13 53 35 62 40 48 31 29 7 49 77 82 45 17 20 96 100 47 80 55 38 89 6 90 59 60 29 91 27 7 33 64 94 36 94 47 4 61 94 32 22 71 84 71 40 78 100 50 17 39 60 32 91 55 99 46
40 89 97 6 77 62 50 61 44 0 84 96 59 50 81 43 9 11 5 23 66 95 59 88 26 95 10 56 39 81 55 25 35 82 34 100 11 10 57 58 98 63 76 90 16 40 19 6 72 57 5 34 6 57 75 43 13 35 34 44 49 87 97 97 2 50 74 45 25 35 83 71 75 49 54 6 86 32 64 95 47 14 23 37 68 82 66 1 11 6 7 84 67 41 15 56 90 9 83 37 55 62 17 80 35 7 18 74 74 32 48 63 43 41 3 29 65 30 50 27 63 92 23 50 13 40 45 90 34 56 85 89 46 65 1 48 98 8 27 4 28 86 12 14 34 63 98 72 20 55
25 3 2 1 29 89 53 24 29 48 0 15 53 6 21 29 44 60 42 13 12 2 76 48 5 86 71 22 2 42 47 92 23 32 18 86 23 35 37 69 41 41 14 15 70 69 8 24 20 65 75 29 89 32 75 85 79 95 99 17 44 12 64 77 95 20 17 16 10 28 68 22 3 38 52 97 6 43 34 13 71 96 61 73 34 2 66 2 57 40 99 61 26 40 93 4 47 10 81 23 15 64 76 7 22 91 47 94 35 54 38 18 17 4 30 80 22 28 79 35 53 8 100 37 71 18 37 82 50 10 72 99 61 25 54 47 82 62 48 26 16 77 59 16 9 19 8 28 39 44
32 33 50 45 56 74 53 50 91 22 91 0 58 4 38 87 14 15 69 69 9 21 86 83 76 13 63 100 26 61 70 85 82 42 22 7 6 38 30 79 55 64 98 72 27 1 8 78 31 64 32 33 54 93 33 90 51 25 38 61 87 97 52 26 38 30 77 80 13 81 53 67 22 30 10 26 77 32 89 7 51 77 80 31 7 20 74 88 67 70 29 39 98 66 8 52 85 73 55 62 79 13 41 81 28 49 40 63 86 71 67 81 24 71 100 82 60 10 2 23 26 7 61 77 56 19 15 94 92 44 37 87 19 81 80 41 96 76 46 93 33 64 90 25 43 71 32 32 68 45
24 50 55 70 84 52 23 32 84 35 28 42 0 18 12 72 15 85 59 57 89 23 85 32 42 73 22 33 49 44 86 22 91 21 49 9 33 20 68 70 100 79 5 86 46 36 99 90 52 90 85 11 32 96 44 43 100 1 98 30 67 56 38 39 13 78 37 56 67 55 45 96 63 53 24 38 32 43 93 53 96 24 35 53 85 38 24 97 99 61 56 71 7 100 90 59 62 4 33 93 15 48 4 53 50 38 20 29 89 73 43 47 53 29 69 2 47 32 14 71 17 53 65 37 10 92 16 87 80 79 80 10 70 78 84 70 96 90 35 87 58 21 63 24 17 50 80 55 17 30
16 60 52 92 92 90 12 74 67 30 84 90 89 0 31 69 14 19 64 64 90 69 20 62 69 11 5 92 18 75 92 9 33 65 82 70 41 37 85 73 55 74 32 61 82 25 73 36 34 19 31 57 38 14 70 6 62 64 6 34 42 74 47 55 5 21 55 47 96 23 25 35 52 22 38 5 8 88 99 81 5 89 84 34 64 98 80 43 29 60 10 7 4 96 87 81 87 55 11 57 68 91 46 18 63 42 20 82 50 93 76 42 62 43 17 46 13 99 20 41 64 30 74 87 92 30 57 30 43 66 6 13 82 32 84 92 88 100 93 25 87 58 6 83 100 98 4 11 13 92
93 36 47 53 7 49 98 26 87 30 54 14 42 83 0 94 6 80 90 74 63 26 17 41 54 9 69 88 38 50 5 16 73 96 62 70 95 11 41 74 18 38 41 64 51 89 57 88 77 38 68 17 4 57 67 35 28 23 78 34 16 66 63 64 49 45 4 23 11 77 46 50 84 76 24 28 74 19 64 34 28 44 31 83 59 29 83 77 36 77 39 78 61 80 16 76 77 47 56 87 31 61 34 49 83 36 71 44 82 10 44 19 95 9 87 14 75 63 49 20 91 3 36 39 81 90 88 91 36 12 18 38 84 41 64 36 69 29 24 47 93 68 18 86 83 27 44 13 67 11
28 63 50 10 72 63 65 23 53 39 59 26 39 40 44 0 82 47 89 76 53 84 31 60 78 27 71 19 58 65 50 17 85 78 76 12 80 95 59 54 78 74 33 46 4 39 72 15 82 7 57 38 30 43 42 87 42 7 37 43 5 70 3 70 94 34 74 10 92 43 64 78 9 71 67 14 68 38 84 11 34 66 44 94 84 23 3 1 45 52 16 14 1 72 85 52 35 94 12 41 29 91 68 59 2 35 86 18 63 29 49 18 90 85 19 72 95 48 7 24 52 72 16 24 24 61 95 21 80 53 30 61 1 97 63 49 67 9 11 52 27 79 27 29 23 5 76 49 28 98
33 25 49 85 81 60 4 84 86 30 5 50 98 23 68 79 0 37 78 17 47 69 33 21 49 16 89 12 89 70 79 43 75 90 62 42 6 92 60 6 73 35 3 48 11 93 27 97 32 42 27 2 21 26 17 18 68 73 97 4 3 34 52 82 1 81 82 46 26 36 74 7 77 95 39 83 32 78 20 79 40 83 12 81 32 26 69 36 92 65 63 43 5 65 38 80 35 25 76 84 45 80 95 81 18 73 18 70 78 31 54 67 5 9 76 100 35 64 58 60 20 92 46 60 24 7 86 20 41 99 25 9 78 41 86 13 2 90 43 49 4 73 11 7 88 15 89 77 8 68
86 37 73 72 29 88 25 85 23 60 1 28 90 61 84 1 14 0 4 19 35 79 87 92 51 53 84 35 85 61 50 87 62 16 48 77 51 63 43 1 49 67 21 34 69 45 52 74 62 63 23 59 8 53 72 9 35 60 99 16 21 15 18 52 83 80 48 97 90 34 58 75 65 99 1 10 89 53 70 36 6 88 83 56 76 24 28 38 96 49 44 58 97 8 82 24 34 2 44 33 11 22 68 48 99 42 53 31 91 59 57 39 8 46 70 82 79 64 81 38 20 7 41 82 8 22 14 79 48 83 30 54 56 99 26 26 20 96 13 17 56 69 52 85 26 9 23 3 57 96
35 22 70 39 64 11 32 93 32 25 59 87 96 3 69 47 35 11 0 97 27 32 80 73 41 57 79 78 98 2 53 3 17 74 83 6 9 48 36 89 91 27 47 10 88 66 80 79 97 55 62 43 24 56 92 34 5 66 54 66 6 57 80 63 51 95 27 3 24 51 79 75 6 34 19 3 50 69 67 78 36 43 18 65 47 52 92 28 97 93 28 63 52 59 27 100 17 59 53 78 35 22 67 7 41 3 91 60 41 91 32 66 60 7 48 44 2 24 55 77 21 55 14 86 95 59 40 97 89 10 28 37 80 74 53 91 87 63 14 80 96 29 65 45 5 79 82 45 63 21
9 20 75 61 76 40 63 95 52 55 9 33 99 49 76 86 19 31 81 0 74 66 68 10 71 72 57 72 36 67 98 20 97 61 82 11 29 3 45 70 22 92 34 90 36 90 31 75 26 99 21 100 12 29 79 80 75 19 73 88 45 42 22 46 39 81 68 95 7 1 68 26 3 46 95 27 40 24 74 15 23 28 84 26 31 29 19 41 7 82 96 23 96 65 30 74 29 8 49 97 89 28 54 54 8 6 74 87 21 22 17 29 93 95 64 39 4 53 47 50 24 95 93 47 90 11 64 47 46 90 68 37 94 67 51 15 88 58 17 66 42 70 11 51 94 59 49 31 12 5
67 72 80 26 53 87 51 9 17 24 49 72 40 90 43 29 1 66 40 52 0 10 83 98 15 99 87 5 53 38 92 75 48 5 80 12 45 86 89 56 20 4 4 4 49 28 68 78 45 32 40 23 83 34 31 29 36 58 62 98 21 55 39 15 23 37 43 46 30 11 38 78 37 18 87 29 93 98 21 25 76 62 6 74 43 76 20 20 41 43 80 80 89 93 30 54 15 36 41 12 34 89 32 13 4 67 97 6 71 53 82 58 47 52 96 80 80 20 74 16 73 90 75 63 30 90 49 94 59 72 65 80 72 43 67 47 34 70 37 85 47 5 49 27 22 73 20 42 40 90
18 4 80 16 10 35 40 54 53 38 76 32 84 41 18 39 74 28 17 48 13 0 95 66 7 49 7 100 56 47 43 97 1 53 64 14 27 6 38 95 68 81 88 62 28 22 17 87 2 2 56 52 78 25 93 97 91 5 28 89 14 71 52 86 16 20 94 100 13 17 43 98 80 51 77 91 92 42 43 98 37 54 29 6 58 8 15 55 99 81 10 75 48 69 99 38 37 82 46 71 62 77 87 85 69 1 25 65 77 32 68 63 76 29 100 91 48 59 43 99 78 78 48 79 73 77 22 1 7 93 43 86 59 41 44 58 8 84 4 32 38 72 95 93 60 36 35 89 33 63
12 21 94 74 44 100 40 7 35 55 7 29 68 55 67 100 50 89 89 97 29 81 0 81 67 43 11 33 23 78 10 70 77 6 91 44 14 1 65 99 90 98 31 87 84 5 43 27 43 79 93 38 16 58 17 85 38 77 76 79 100 28 12 81 76 27 29 64 77 24 75 27 73 13 38 70 30 42 33 100 58 24 9 97 37 92 28 47 84 20 16 96 79 53 36 83 47 1 33 37 33 1 23 95 95 50 51 16 52 92 77 14 34 76 74 83 26 88 87 36 52 29 38 70 79 12 82 17 90 16 77 7 73 87 73 45 54 73 65 69 37 24 5 47 10 87 4 65 19 57
21 54 42 88 72 65 11 5 65 100 77 5 36 18 72 47 62 46 48 18 49 41 11 0 98 86 64 41 59 13 74 94 90 38 56 98 28 2 76 8 70 86 85 24 71 6 72 55 47 5 7 10 20 67 47 15 59 97 95 70 32 16 30 64 91 59 26 36 76 6 13 78 56 53 80 42 87 98 32 58 16 54 54 87 90 40 82 3 36 16 5 37 79 84 87 47 95 20 97 50 97 78 57 14 22 93 65 52 33 9 1 21 72 71 76 56 96 19 59 72 51 59 51 67 59 11 52 4 55 65 64 91 50 9 3 2 95 19 87 9 44 1 64 34 8 97 44 15 97 100
53 12 75 64 68 75 55 45 75 2 45 77 64 10 47 76 37 69 40 47 22 61 58 46 0 17 2 100 75 49 30 69 63 6 37 26 10 29 70 31 46 52 18 99 19 50 75 87 1 53 100 11 87 86 94 13 73 84 73 77 64 60 85 88 62 20 71 8 96 72 44 60 97 47 42 88 94 80 42 96 87 58 63 75 47 87 9 71 10 42 85 28 36 80 99 73 48 83 15 16 36 34 82 42 86 14 62 31 8 4 19 26 12 50 43 43 46 20 94 30 56 46 38 55 96 30 91 21 46 98 62 65 81 32 39 34 96 85 47 12 50 75 16 64 26 9 12 7 76 88
42 88 82 88 67 89 80 28 44 24 80 87 38 99 73 66 65 72 23 33 13 47 8 60 94 0 62 76 53 100 32 75 81 34 18 38 54 92 33 67 95 64 39 88 6 19 28 74 23 18 81 97 91 3 5 91 7 55 20 36 53 21 3 74 53 67 7 55 43 79 57 11 63 62 31 46 58 50 22 39 4 91 22 46 1 13 61 27 39 50 10 23 74 15 22 41 71 54 93 89 29 77 11 22 14 98 42 85 45 59 76 3 71 85 60 97 70 96 47 72 5 99 75 53 34 3 39 64 3 80 45 42 35 77 47 76 88 81 18 85 85 8 62 81 29 51 60 1 7 55
85 56 96 67 59 65 19 56 14 94 17 16 1 27 68 30 66 22 90 55 22 84 25 25 25 93 0 58 71 96 67 26 32 52 62 70 48 77 47 31 18 79 8 27 17 61 80 7 43 59 76 65 46 89 41 71 94 68 63 78 31 66 76 80 52 70 6 27 65 22 69 5 87 1 72 95 36 35 22 13 19 32 14 17 45 33 30 78 75 57 63 50 47 78 53 55 23 74 5 74 72 87 46 18 82 78 64 7 11 72 96 79 29 100 30 8 4 99 96 13 68 8 57 20 41 49 93 14 62 16 24 49 48 33 100 4 15 51 25 27 32 23 46 63 58 11 39 95 85 63
8 44 15 11 23 25 32 35 59 15 71 77 57 30 85 98 78 76 36 57 95 26 88 85 12 28 76 0 84 54 85 94 77 85 17 58 35 18 76 20 54 80 15 31 74 21 95 14 36 11 36 35 97 58 72 45 2 74 17 17 19 23 45 74 5 49 1 42 51 36 1 81 68 92 88 76 63 80 82 25 38 51 70 93 78 84 75 6 44 17 72 56 42 34 1 41 79 80 2 97 68 8 39 96 38 27 16 68 92 86 18 37 42 55 99 81 60 47 60 53 17 9 45 8 63 85 2 85 61 33 82 15 3 31 73 26 76 62 89 76 7 25 48 18 75 89 53 96 59 73
76 99 20 63 5 51 72 8 80 90 38 93 41 88 49 82 3 44 11 90 31 53 11 73 77 66 76 95 0 60 9 97 43 65 88 15 32 53 20 59 5 36 9 36 55 95 5 25 51 71 86 88 85 28 2 62 32 74 38 66 84 44 50 28 49 56 61 98 91 59 71 100 86 29 100 85 57 21 80 32 69 42 11 66 97 32 11 72 92 74 13 39 96 76 58 93 76 34 24 1 56 27 3 33 60 61 43 68 86 85 90 31 96 16 27 77 26 66 94 41 40 44 25 67 92 93 1 83 44 49 25 80 39 95 3 28 80 40 42 6 47 44 41 29 37 28 54 66 14 27
66 69 60 1 1 67 8 34 70 31 86 26 42 20 84 71 100 56 91 88 35 95 17 77 38 72 46 89 86 0 61 70 72 100 84 28 42 95 87 93 84 7 89 73 79 97 96 28 62 82 70 40 40 16 43 44 87 78 91 46 65 12 39 67 13 67 20 37 79 79 10 56 51 14 88 64 87 91 55 29 23 5 47 1 50 84 26 78 63 2 36 11 3 19 45 34 40 5 38 27 84 33 45 44 40 95 93 41 8 96 64 23 72 93 84 44 25 63 10 59 70 90 55 40 82 62 91 19 7 94 49 96 79 2 32 12 16 86 69 66 83 6 75 94 11 13 83 80 81 58
65 30 57 64 70 41 11 98 67 59 17 6 6 15 83 94 67 39 50 63 61 7 45 24 27 68 29 32 20 34 0 63 63 76 34 45 3 3 70 33 32 34 46 2 50 21 65 58 50 52 38 28 20 10 2 88 77 90 84 17 37 65 15 83 25 57 32 99 35 54 81 25 2 90 43 93 92 70 63 44 84 37 26 45 74 14 43 94 53 37 24 62 7 31 31 95 68 13 76 23 59 78 65 55 60 17 9 69 65 74 20 86 25 15 72 97 19 21 93 48 1 15 48 46 63 97 52 84 97 57 88 61 58 6 72 6 46 96 92 21 15 6 91 73 49 61 73 53 12 97
100 31 14 47 87 29 75 93 16 96 85 6 83 7 91 23 10 44 56 17 25 31 72 28 98 77 28 85 16 27 67 0 23 67 11 70 76 11 28 45 14 65 6 30 60 56 31 91 39 46 62 41 77 48 91 38 68 32 42 49 62 11 29 14 25 40 13 50 60 40 69 78 21 63 51 4 10 55 38 59 98 98 96 75 21 73 50 97 19 32 10 100 45 5 40 36 98 58 81 99 58 64 43 65 22 90 16 94 92 48 50 13 99 15 72 52 76 88 89 17 13 19 2 21 77 65 72 51 47 11 34 61 27 69 25 12 47 57 8 85 13 49 19 80 13 14 88 61 33 63
2 50 27 47 61 45 24 36 38 75 50 60 56 97 90 58 29 99 20 100 2 84 80 48 54 60 50 41 80 46 5 31 0 7 23 38 39 86 83 40 33 95 15 97 60 65 25 77 37 25 42 5 83 72 5 18 98 24 27 67 68 58 44 15 36 42 18 75 97 93 29 30 96 10 27 8 24 1 7 1 48 50 47 46 73 39 91 12 29 83 63 12 64 95 57 17 100 43 74 61 28 7 94 90 20 21 91 51 18 96 91 8 27 61 62 98 64 37 68 78 94 21 72 11 52 25 20 98 25 86 87 55 23 37 13 97 42 14 32 14 48 5 49 5 36 33 84 47 50 53
20 70 7 32 41 88 35 51 6 28 88 23 24 42 47 80 69 38 94 41 70 14 35 42 66 66 32 40 64 54 76 82 47 0 25 78 9 96 36 71 12 30 91 60 77 70 53 56 88 97 4 64 97 79 86 89 67 45 9 41 9 74 33 78 42 73 40 100 16 76 17 12 42 78 63 35 46 23 96 83 15 58 30 75 27 78 51 68 74 2 84 76 43 47 59 80 44 79 36 47 53 96 14 19 45 16 74 60 73 32 49 74 69 96 40 61 51 49 68 87 35 61 88 42 42 11 37 15 61 12 43 38 28 53 96 62 5 74 1 47 11 58 25 37 86 92 56 65 53 32
16 2 91 85 18 82 63 80 4 41 76 83 96 72 52 40 19 96 28 29 2 3 6 74 77 22 39 36 24 84 91 33 54 12 0 77 49 61 83 36 22 63 69 52 92 90 65 18 26 41 7 66 56 64 70 51 5 34 11 85 14 22 100 94 8 10 13 35 8 69 26 65 99 81 63 88 48 48 39 78 77 34 53 94 87 6 28 99 42 80 38 22 98 70 43 45 54 90 27 69 71 91 25 84 62 70 28 94 21 53 30 39 93 50 10 10 43 21 93 91 99 53 52 30 4 5 57 46 73 83 15 98 67 7 15 1 2 30 36 4 59 21 4 81 66 96 7 27 65 63
98 42 56 72 31 77 37 46 93 64 95 2 5 53 53 67 49 42 68 19 38 74 47 42 40 61 44 12 67 49 10 98 69 41 69 0 65 40 8 84 72 70 53 4 70 88 13 59 29 77 72 20 57 79 79 20 18 74 4 41 6 1 85 59 48 89 48 90 96 16 39 32 59 99 71 76 72 7 22 14 4 67 57 31 79 63 22 63 94 43 15 80 7 82 88 23 70 25 84 40 43 77 61 15 58 46 2 29 81 40 35 84 24 98 36 92 36 80 52 29 61 22 59 62 24 25 5 74 78 81 78 69 48 27 49 59 61 76 43 71 73 42 100 19 56 81 92 40 68 84
51 24 59 44 91 56 27 81 57 26 77 35 55 5 28 13 76 67 33 83 47 49 33 66 66 99 35 92 57 60 95 45 40 13 32 39 0 53 30 71 95 14 49 7 90 22 75 90 10 86 76 1 60 98 7 17 48 74 26 31 40 83 56 70 2 61 27 12 73 55 82 20 33 86 70 32 34 59 24 43 57 75 78 16 48 35 36 90 43 22 79 27 52 5 89 85 12 96 39 34 45 21 53 89 76 52 34 46 8 46 92 29 23 16 55 38 51 59 69 40 77 33 47 83 79 21 55 36 58 83 56 31 8 19 94 73 65 52 47 19 46 43 81 52 91 19 37 83 92 19
91 90 94 8 75 91 28 89 68 24 19 42 91 47 35 91 26 20 27 14 28 26 78 95 98 87 86 80 16 58 86 6 45 98 67 28 41 0 74 74 7 31 12 55 85 82 60 26 22 75 32 47 37 80 13 89 71 51 28 28 58 44 32 4 22 5 57 26 65 28 26 73 75 89 70 66 47 87 98 34 35 56 7 11 98 78 10 68 73 2 54 96 90 86 38 54 62 53 63 94 51 75 68 55 73 52 48 78 7 84 74 31 44 28 33 27 18 99 4 94 79 44 13 21 85 21 10 3 76 87 54 70 44 40 4 78 53 49 57 56 42 97 35 38 38 33 6 54 8 36
55 68 63 16 28 87 57 25 64 36 4 37 26 18 30 91 36 68 83 79 68 91 35 44 76 75 75 10 21 6 20 15 9 68 100 2 72 45 0 17 25 95 95 71 41 20 43 77 61 26 21 48 78 40 31 5 54 84 49 42 50 93 38 24 89 17 74 73 87 25 83 71 28 47 33 59 66 88 60 56 96 31 92 100 2 82 6 55 11 100 6 42 16 17 93 72 89 3 74 63 5 38 89 94 36 31 70 96 6 77 1 12 93 79 75 8 36 78 62 13 42 58 19 84 34 36 11 99 64 97 36 42 96 97 94 17 92 21 34 50 69 54 85 1 46 12 72 72 5 9
44 54 19 66 93 67 45 60 21 39 16 88 4 17 30 82 82 88 50 64 87 14 9 66 73 77 76 28 93 53 57 20 55 65 74 24 28 70 54 0 83 29 54 71 7 98 78 11 53 80 9 33 38 59 53 18 91 43 59 87 59 31 75 79 91 24 72 52 55 93 73 31 44 60 78 97 72 37 39 46 71 23 58 95 36 26 50 72 88 38 81 85 38 89 37 16 4 4 18 66 63 90 38 86 18 33 61 88 90 34 27 76 95 66 34 63 42 96 40 39 59 30 39 48 82 87 13 65 2 18 72 70 51 97 16 2 63 14 69 39 31 51 1 68 96 93 74 89 60 62
90 56 98 52 20 70 50 12 20 11 68 88 56 100 67 36 18 52 1 65 30 64 5 87 23 37 54 100 79 78 91 26 25 9 27 86 25 65 73 69 0 89 60 51 75 82 41 9 26 74 10 94 72 38 35 55 87 28 54 99 47 69 38 31 38 54 15 80 89 50 39 75 25 84 96 83 56 87 14 95 37 79 83 91 54 48 77 98 43 1 22 56 14 100 100 64 70 3 54 4 90 68 31 14 76 94 38 24 94 5 51 60 4 56 19 95 45 39 2 40 87 25 97 2 36 64 82 86 75 83 43 16 57 70 7 60 71 78 96 58 26 82 39 26 44 81 25 29 2 66
19 92 93 87 29 32 17 26 11 34 19 99 26 6 79 93 85 100 8 48 60 1 100 92 56 26 22 3 51 58 85 89 66 71 73 85 51 23 71 62 30 0 87 88 46 11 16 71 92 65 52 8 74 82 17 6 71 32 20 48 83 18 44 99 30 48 69 11 75 26 40 29 75 94 100 71 61 36 78 99 23 87 87 86 34 45 24 19 64 81 38 24 22 17 37 49 100 72 93 56 36 69 97 99 21 5 100 62 44 10 72 53 52 1 98 23 30 30 53 33 25 49 50 94 17 20 60 76 42 86 61 26 57 43 72 91 43 49 3 5 61 77 41 21 9 55 12 13 38 83
2 13 50 48 95 52 68 93 33 93 100 85 47 68 14 9 32 4 91 3 84 83 83 78 29 54 40 11 23 21 82 29 55 84 90 66 19 87 10 36 26 7 0 57 18 13 36 28 99 12 31 18 32 48 88 67 34 43 28 47 9 60 29 75 21 87 88 29 11 22 17 48 83 48 81 22 35 80 25 44 94 49 35 50 48 100 40 7 85 89 66 77 75 29 8 2 50 79 67 60 96 94 57 71 15 38 13 60 10 99 81 49 46 31 23 99 81 80 46 93 10 87 81 13 7 47 33 44 48 78 69 44 54 92 36 49 10 51 39 5 10 17 11 8 93 23 46 12 69 87
48 19 82 80 49 6 56 88 92 54 3 16 45 41 13 62 87 2 61 13 28 33 97 100 82 30 28 52 37 26 28 4 27 7 4 29 64 71 90 53 32 78 27 0 34 81 37 100 93 34 20 18 70 54 68 84 84 38 47 11 47 8 16 36 92 54 85 53 71 70 80 69 72 28 32 37 57 39 94 15 95 43 68 19 52 78 62 98 2 42 97 19 82 92 10 37 7 29 77 93 85 13 83 1 22 54 15 16 88 33 10 95 66 43 29 13 30 13 37 5 94 31 87 59 17 46 28 55 22 1 12 53 87 13 48 89 80 26 52 1 28 50 44 18 41 5 12 48 87 71
34 83 11 79 85 3 25 67 24 57 74 25 20 10 7 41 50 57 89 69 83 5 13 10 7 77 5 65 82 74 13 61 56 83 83 3 50 44 2 75 60 93 47 59 0 70 8 40 94 97 3 26 64 72 24 76 35 67 78 29 90 64 12 27 78 96 44 5 92 49 32 84 78 85 11 74 68 61 66 98 75 98 86 53 34 11 26 2 65 95 18 1 65 99 22 27 78 61 48 58 11 16 51 45 2 68 81 80 81 78 5 43 29 60 98 7 91 69 58 87 4 39 27 35 8 6 60 84 66 9 8 21 94 64 5 24 2 78 12 1 35 67 76 85 59 46 23 48 77 66
26 62 77 66 74 40 1 27 48 43 30 30 84 17 91 95 83 5 48 93 91 11 96 61 26 60 38 85 21 97 74 90 54 65 54 70 93 24 68 37 88 10 18 4 85 0 53 12 41 48 90 61 95 88 1 89 39 11 43 53 62 3 29 32 58 90 44 16 1 27 33 54 23 50 19 60 17 27 71 80 62 25 65 48 88 77 97 100 12 38 56 94 65 21 98 21 34 99 93 96 52 22 45 77 48 70 6 95 17 69 10 32 91 74 84 21 46 65 16 82 26 72 63 42 100 68 15 37 27 25 18 64 38 91 13 14 18 34 100 58 4 55 58 45 59 9 84 70 100 20
4 80 96 22 51 95 20 40 71 67 24 29 49 30 17 88 15 26 17 73 1 92 66 22 60 52 95 90 48 74 100 3 83 44 39 32 63 45 5 42 35 85 99 91 71 74 0 54 92 34 48 16 49 81 59 76 11 44 27 7 75 39 61 54 44 66 17 6 90 73 52 56 51 96 41 89 15 9 1 57 78 78 84 7 52 50 37 70 11 52 53 73 88 48 100 74 49 8 25 43 42 55 54 85 58 97 20 31 31 76 99 43 99 41 81 79 52 81 50 33 15 41 6 57 92 75 35 97 64 54 57 48 46 75 12 72 65 80 2 27 17 7 33 84 99 100 74 49 6 67
85 36 54 37 60 27 56 97 40 42 63 3 51 94 5 98 27 4 70 41 92 59 66 48 79 64 24 58 62 39 69 54 68 30 7 35 29 81 77 64 31 18 80 17 79 17 10 0 74 33 13 75 99 52 11 68 88 47 67 42 54 55 74 32 2 44 36 77 53 90 45 41 43 80 98 49 35 97 26 3 49 96 34 29 24 22 26 20 88 84 67 50 57 100 16 54 8 21 11 38 76 23 20 9 48 98 68 29 90 60 83 100 54 60 34 72 3 52 73 89 45 53 5 55 85 43 1 32 50 8 66 54 90 2 64 45 58 15 93 94 53 85 53 48 45 14 84 37 49 20
4 37 12 99 4 9 9 61 13 75 92 92 42 86 16 76 25 80 21 19 99 47 74 19 72 39 11 2 96 13 16 74 93 70 23 72 36 35 64 46 73 87 72 15 11 93 95 34 0 51 27 14 66 94 40 94 100 81 83 24 70 52 11 80 81 71 52 90 85 86 43 4 19 57 3 71 21 20 64 58 53 26 74 18 97 98 29 41 17 65 20 17 79 5 2 39 2 65 42 25 68 87 50 72 34 38 81 17 14 21 30 44 68 78 23 93 79 21 4 52 61 19 26 7 56 59 46 13 26 52 79 90 4 33 97 53 32 36 80 100 29 60 65 2 8 71 83 69 27 66
82 19 94 93 75 23 70 79 44 17 54 60 53 73 62 8 4 36 90 44 86 79 32 33 56 10 75 36 7 54 12 79 39 11 26 39 17 81 58 6 39 40 96 19 57 91 94 3 28 0 34 18 24 77 92 32 60 70 28 94 71 31 28 78 53 75 89 83 2 51 38 58 4 94 49 78 48 8 97 8 6 25 6 83 76 71 29 50 81 91 78 81 42 66 15 87 28 91 67 92 94 49 38 79 24 91 86 67 75 45 22 51 100 63 97 78 95 100 3 18 63 97 99 55 37 89 74 47 56 94 50 85 62 22 11 86 41 81 68 11 22 23 90 57 39 76 50 94 12 35
77 48 33 100 20 12 62 77 22 91 95 62 97 91 31 15 49 24 36 21 92 87 14 8 65 86 66 91 77 51 86 83 1 31 55 7 24 57 54 36 10 76 31 33 57 93 68 84 92 46 0 91 28 24 74 28 4 45 45 55 96 73 90 3 15 16 32 93 87 56 22 76 96 45 76 84 6 19 14 29 64 33 79 33 98 53 18 71 24 2 51 90 67 41 47 39 98 36 76 9 41 5 9 88 39 98 41 2 61 11 77 83 33 46 36 7 30 33 82 99 63 71 14 89 33 38 77 70 100 19 62 81 81 51 67 76 39 81 67 31 93 6 97 50 87 25 90 85 26 5
92 24 96 90 54 92 100 96 17 59 11 85 25 1 85 35 33 38 5 68 38 100 80 55 63 67 99 84 85 59 92 11 25 72 61 51 33 39 1 17 32 70 92 25 50 49 79 23 30 39 26 0 71 90 74 2 59 71 74 65 57 41 34 9 66 45 55 11 73 74 1 10 32 88 15 68 74 44 29 5 94 76 75 85 37 99 61 85 58 39 61 8 69 27 66 31 78 67 92 55 64 71 80 6 62 59 87 36 69 92 34 78 10 49 75 34 37 15 40 5 4 47 16 58 71 85 20 89 74 75 53 66 79 49 11 75 1 93 3 31 48 8 30 90 65 42 56 3 43 41
19 90 35 72 55 42 44 35 94 22 73 47 22 3 50 83 50 28 53 12 45 42 99 9 29 85 50 59 62 92 41 38 37 85 15 4 79 43 68 55 86 20 53 10 34 2 5 52 83 28 9 5 0 25 31 12 63 90 12 57 26 85 18 54 7 77 55 58 21 72 38 28 45 41 98 45 47 2 9 91 77 69 25 68 52 45 5 85 90 37 65 58 55 35 44 100 99 44 5 28 83 62 37 34 86 45 78 63 6 86 48 41 46 29 30 65 88 60 32 52 4 67 29 31 82 77 41 21 90 16 83 85 40 86 81 79 82 34 40 35 46 34 84 51 2 97 10 60 91 66
98 93 63 86 18 11 92 81 6 41 41 5 33 46 13 94 97 10 27 4 33 64 37 73 50 55 19 5 31 28 64 26 24 74 84 93 94 57 1 9 58 57 78 42 84 20 55 73 48 52 47 39 99 0 10 19 20 10 83 75 11 78 52 69 37 38 94 90 2 9 97 10 69 69 9 3 71 57 97 58 2 39 83 92 34 37 83 59 42 75 37 64 68 100 63 40 83 64 98 77 5 86 34 91 66 54 59 36 65 32 5 41 53 57 82 97 73 6 48 66 59 10 33 13 51 94 35 10 1 24 69 24 43 18 2 98 13 1 49 27 1 73 49 46 57 27 30 87 65 26
3 44 87 95 24 12 73 55 46 85 53 18 28 57 85 63 37 2 1 49 75 66 20 60 70 16 35 13 18 69 80 94 80 53 21 50 100 59 93 83 27 10 1 63 32 69 45 86 55 96 82 65 80 65 0 97 66 37 67 60 72 26 14 15 79 56 98 11 22 3 99 8 45 68 36 98 95 39 65 88 55 100 48 70 95 92 88 76 89 1 72 86 58 17 35 61 18 61 17 38 72 8 67 77 26 100 11 42 21 61 79 2 39 67 82 81 83 86 49 24 71 61 45 39 3 31 86 100 53 68 28 32 17 74 38 14 36 18 12 57 83 97 10 62 48 65 71 50 13 29
13 32 47 95 65 48 17 25 36 72 78 12 81 11 3 22 36 62 96 10 4 61 22 89 37 74 82 28 58 88 86 62 30 1 76 11 89 70 70 61 16 82 92 31 83 16 17 66 17 21 73 72 99 82 31 0 78 67 92 40 73 41 95 28 50 35 73 45 7 43 86 65 63 9 71 91 28 66 21 52 82 79 76 100 51 81 89 69 100 25 7 91 74 48 20 25 84 20 33 34 98 30 53 65 36 47 35 31 75 36 98 79 10 29 77 53 53 58 53 46 47 71 72 77 46 19 9 17 57 21 96 18 63 32 73 60 71 11 87 41 1 45 44 84 90 55 19 23 28 95
37 94 90 56 32 41 3 16 77 32 75 84 65 77 23 16 37 86 3 49 41 79 19 46 60 57 90 37 27 42 86 97 67 1 71 74 37 50 70 90 95 22 39 6 65 76 83 24 48 60 31 7 58 94 30 62 0 57 29 16 43 57 100 52 83 30 48 77 14 33 5 17 1 80 30 45 14 86 61 93 28 100 64 53 84 67 9 18 15 3 48 67 94 5 57 47 97 100 44 4 65 18 87 36 3 54 35 14 50 96 59 60 100 42 73 82 51 46 36 76 83 31 87 81 3 86 46 42 65 11 62 58 91 14 96 74 68 21 26 60 100 58 95 64 42 42 97 45 56 39
39 20 47 95 97 37 92 64 48 97 44 81 26 55 23 55 74 3 36 70 13 42 53 83 64 85 92 87 28 38 36 89 98 14 46 68 58 32 5 76 19 25 52 1 44 59 84 83 73 28 42 98 82 54 71 7 49 0 83 62 34 90 20 84 37 29 35 86 49 97 72 10 26 83 77 19 26 96 77 42 41 60 77 14 10 87 76 52 7 42 12 91 45 54 89 14 54 9 31 56 20 30 47 9 3 76 55 67 78 18 8 78 41 13 41 78 13 49 81 24 2 42 60 85 7 46 49 66 68 29 84 5 28 94 24 85 18 61 60 95 95 12 67 23 57 31 47 30 46 85
71 49 77 58 45 88 49 19 66 1 21 50 2 82 70 29 8 52 71 88 11 42 87 30 83 46 57 34 36 86 10 21 68 64 41 81 93 90 82 19 63 17 71 12 90 91 44 92 35 80 64 30 34 39 38 14 9 76 0 44 43 5 91 3 4 70 54 90 41 42 100 21 98 46 14 96 91 27 50 91 71 53 56 49 95 46 100 49 50 45 82 62 89 95 20 25 2 35 60 95 91 64 80 99 93 58 99 65 62 21 55 30 53 16 62 81 54 13 75 67 89 44 59 52 25 26 75 53 67 71 97 100 100 32 39 38 99 48 77 32 43 65 25 3 42 52 47 17 92 15
85 63 72 22 65 9 77 56 53 53 13 26 17 10 95 19 60 79 4 84 93 36 97 11 80 24 14 70 100 80 48 72 36 13 16 32 31 7 79 7 3 9 61 36 2 20 63 1 52 1 57 85 44 9 97 43 8 81 82 0 34 85 26 56 1 24 54 44 65 61 15 74 68 10 6 21 35 56 64 39 70 13 95 48 12 4 99 47 36 15 51 5 81 68 8 1 22 23 97 11 62 97 48 89 32 42 2 78 45 74 46 18 91 63 45 24 99 31 15 45 35 80 9 66 10 75 97 95 54 2 62 38 19 3 58 51 55 23 28 89 2 82 60 74 36 44 98 13 38 98
71 74 13 68 45 85 81 51 59 64 24 91 65 56 71 77 45 31 22 52 75 53 51 1 50 24 71 53 93 79 93 32 90 18 38 73 36 90 29 74 73 44 75 62 97 79 37 76 22 72 36 40 36 100 51 42 6 29 83 18 0 94 57 58 56 40 35 70 69 25 53 35 75 59 49 64 8 55 97 54 21 33 55 53 41 16 20 77 65 21 13 33 65 71 40 21 28 10 80 14 35 42 4 37 40 21 77 47 84 96 54 89 20 6 86 94 1 96 3 56 29 90 35 47 76 15 25 31 27 90 80 42 74 62 65 23 89 74 78 27 52 47 22 21 61 44 13 35 100 22
60 73 76 46 90 76 5 31 96 63 38 46 51 11 76 62 44 74 85 6 45 30 24 17 59 74 38 77 8 90 56 46 82 20 48 27 19 34 50 42 42 42 51 75 83 56 97 61 66 73 81 87 4 21 37 88 87 13 70 75 49 0 21 68 11 39 72 15 22 86 29 41 27 66 84 95 60 44 21 9 27 84 2 15 25 91 78 87 73 43 34 32 49 82 25 98 73 51 5 19 93 30 94 53 50 5 43 60 8 50 14 89 28 79 3 65 50 73 63 7 26 4 79 85 4 22 99 19 34 33 54 3 33 37 90 43 86 74 32 15 66 98 42 88 31 87 28 44 45 55
86 46 32 13 73 47 91 98 76 36 14 77 49 31 6 99 22 24 34 77 64 21 43 61 19 17 1 71 37 34 10 72 51 38 24 13 80 63 39 15 36 2 2 65 42 55 96 13 2 97 91 65 50 57 30 27 63 50 99 34 46 78 0 2 6 88 18 30 77 32 37 65 65 79 37 25 5 16 2 30 83 76 93 84 41 31 83 100 68 58 100 30 60 73 5 27 4 99 95 76 29 18 99 84 22 72 81 77 43 1 16 47 96 27 99 93 52 21 59 2 3 4 71 74 36 76 85 15 64 11 26 39 13 80 65 48 99 8 78 90 68 99 63 16 9 16 30 62 60 44
76 72 95 77 49 11 11 48 77 63 2 91 36 66 61 20 65 13 25 88 17 80 32 81 44 25 87 61 16 3 5 63 85 29 79 17 4 20 50 71 86 82 13 95 6 75 19 20 62 53 64 69 9 79 97 64 25 82 10 51 51 99 97 0 81 69 25 97 21 97 3 56 24 95 73 48 20 5 8 57 87 11 34 55 94 66 32 14 51 87 25 57 22 100 4 22 35 69 61 83 41 16 5 12 63 67 100 88 67 74 79 13 78 11 93 33 14 74 18 94 74 98 73 46 72 79 29 11 64 22 49 42 62 8 47 87 66 35 64 88 6 28 48 63 14 47 91 63 47 34
31 96 38 49 11 8 8 27 61 52 4 95 25 12 86 60 71 62 85 42 60 61 91 27 4 13 98 33 51 51 65 42 16 86 65 5 84 21 18 65 86 53 32 6 82 37 85 58 99 91 55 43 15 15 17 24 61 62 15 100 33 2 92 86 0 35 81 85 77 87 11 34 1 31 37 59 38 39 100 13 70 32 90 74 28 91 80 35 8 70 48 89 78 44 1 2 57 8 4 54 75 30 71 9 73 50 51 63 85 32 13 47 26 42 77 17 87 19 43 82 55 33 4 51 66 98 63 76 45 42 78 94 2 19 10 85 13 47 59 35 8 16 95 20 57 44 73 60 86 49
8 53 88 88 41 54 73 19 3 97 43 73 18 14 29 72 85 14 37 97 47 88 70 87 9 94 61 60 69 27 65 13 10 63 14 41 45 85 81 54 61 66 40 93 23 86 96 51 93 28 32 66 62 96 13 21 12 70 37 67 65 80 39 19 55 0 66 97 57 6 73 94 56 22 86 9 54 29 79 46 71 88 60 89 47 85 73 43 77 94 39 62 46 40 56 20 34 92 24 20 53 46 97 62 20 74 58 6 55 44 89 98 79 58 80 31 49 97 33 80 23 9 16 6 34 51 29 23 53 60 71 62 33 13 36 15 65 62 21 51 66 31 45 48 62 1 53 21 5 87
51 98 7 65 69 13 91 74 33 44 27 72 47 37 83 11 83 29 28 37 58 32 39 96 97 47 33 22 97 50 14 88 63 53 52 20 77 61 79 82 56 33 95 57 50 71 20 91 23 51 95 33 69 13 92 74 38 78 7 30 36 95 62 61 43 78 0 28 88 67 20 37 100 73 93 2 91 99 61 26 77 91 60 27 6 34 61 94 73 53 33 4 32 34 45 27 41 49 19 12 50 69 2 100 67 51 96 76 42 76 50 49 45 67 6 100 50 16 28 50 17 37 40 48 5 2 92 72 2 58 5 61 33 36 21 34 72 8 40 84 80 30 21 20 22 80 37 25 32 34
18 79 7 14 84 45 23 51 55 13 18 62 95 31 4 18 92 55 40 31 17 30 20 53 10 28 85 80 5 83 90 18 89 34 28 14 71 95 92 100 96 67 26 31 55 32 86 86 93 90 77 22 46 60 27 90 94 64 3 2 44 39 82 37 33 34 76 0 39 14 78 23 68 7 46 74 88 63 66 82 24 23 2 98 4 34 73 50 13 56 70 34 40 51 16 41 39 16 64 56 96 14 84 59 46 46 82 58 49 88 67 64 81 11 1 88 76 32 37 24 75 52 88 81 88 45 78 49 31 54 21 78 42 91 91 18 84 92 62 38 58 27 14 1 22 95 35 99 40 48
77 93 7 3 59 18 78 18 54 64 8 1 49 48 29 60 55 27 71 48 62 26 69 50 8 22 49 53 87 23 98 55 46 2 48 17 89 97 62 60 80 44 48 14 37 83 69 51 74 97 76 29 92 12 21 37 81 95 43 62 20 82 54 14 44 45 50 73 0 76 24 95 71 10 4 27 28 91 24 14 33 65 91 39 62 87 3 99 52 72 17 56 91 42 98 81 81 34 35 1 76 24 91 13 53 85 27 68 47 87 24 9 66 57 46 39 3 82 100 43 30 88 28 98 35 40 84 18 88 26 22 71 29 58 90 75 99 31 85 29 91 52 48 68 50 9 38 77 66 96
7 79 58 57 97 86 64 79 2 60 41 73 49 66 38 42 95 46 36 38 92 69 22 30 47 82 94 82 20 58 93 80 7 82 90 68 53 39 15 43 98 73 97 44 8 8 6 94 94 25 77 69 87 83 82 62 92 96 95 6 30 56 34 70 68 27 56 96 21 0 99 25 34 39 87 17 51 45 65 90 81 3 35 6 99 11 85 16 56 80 13 72 19 15 31 24 86 31 89 96 90 50 39 85 66 8 24 79 22 66 79 73 13 37 32 97 83 7 71 36 98 69 72 75 100 100 74 32 41 89 14 48 15 63 47 43 67 86 36 79 44 79 81 34 99 1 86 93 10 71
41 67 100 2 58 77 40 81 53 93 52 15 76 43 43 81 43 82 48 73 31 61 18 85 31 1 69 44 39 88 70 74 88 1 41 46 85 42 77 28 79 40 69 16 70 1 60 88 2 17 34 21 13 62 9 8 2 38 43 32 58 96 98 9 9 18 57 81 23 45 0 54 14 8 76 86 59 39 92 13 44 14 24 32 57 55 23 58 89 78 62 67 46 63 69 18 65 60 19 7 74 81 46 42 88 45 79 84 18 5 57 80 61 92 65 32 32 21 10 6 9 67 2 64 13 5 16 99 75 7 43 75 65 17 74 16 3 90 3 23 36 45 92 85 1 26 89 1 31 89
76 85 72 20 67 55 65 39 20 62 15 39 35 23 3 88 96 13 39 13 82 8 82 33 31 74 13 26 76 76 31 50 17 99 29 54 7 18 80 8 11 48 65 77 38 64 43 14 56 3 31 18 42 86 21 87 22 87 16 38 86 22 57 28 43 43 85 89 12 92 9 0 74 93 38 20 99 77 4 42 66 95 30 74 29 75 43 6 74 17 67 79 46 19 54 15 95 72 49 67 25 99 53 58 70 18 99 100 3 16 1 11 93 4 53 3 81 64 2 36 3 90 78 99 12 30 98 47 96 93 28 49 69 43 64 41 97 38 46 58 22 85 30 10 50 70 100 60 97 77
55 28 1 80 92 97 94 3 22 20 85 70 10 55 16 20 40 47 57 85 3 57 41 49 11 15 62 52 93 1 62 73 46 37 83 28 8 56 71 53 97 71 46 78 10 55 63 95 74 73 75 90 65 82 49 43 39 12 24 73 69 21 59 81 86 16 67 7 86 100 46 47 0 18 45 68 7 32 63 14 58 34 15 42 56 97 56 31 39 11 51 39 99 38 67 64 74 34 48 14 59 39 52 18 34 37 46 33 3 54 7 69 38 41 76 87 9 46 71 92 38 31 88 69 89 98 91 11 47 46 64 8 66 7 44 69 62 3 7 19 90 97 15 47 86 52 7 13 14 37
11 51 57 77 36 58 55 37 65 14 98 63 89 80 24 22 20 96 4 81 23 95 56 90 30 18 86 99 36 49 87 22 18 24 91 75 3 32 6 34 84 59 12 50 61 72 27 75 43 12 15 49 68 26 65 28 98 55 77 6 86 57 48 50 73 65 95 68 72 21 30 34 54 0 84 53 18 67 49 55 1 38 9 61 48 80 96 26 39 23 67 37 98 41 1 44 24 95 85 87 58 40 46 56 1 54 66 41 64 66 79 4 37 85 42 55 9 30 12 48 26 76 95 48 89 94 83 90 50 54 48 9 53 62 46 48 43 70 80 88 55 78 9 21 79 3 21 68 88 61
80 36 9 56 27 99 21 34 26 46 39 42 94 21 91 66 3 24 37 11 64 1 89 13 94 69 10 39 19 82 34 66 47 23 9 18 34 9 71 10 45 16 63 27 53 33 40 32 24 30 50 100 31 60 47 27 33 3 54 54 69 35 9 76 71 15 26 28 79 84 72 20 92 33 0 92 34 54 57 87 73 60 73 58 93 46 26 10 75 56 98 51 28 18 78 8 91 70 93 48 87 45 97 81 86 2 26 47 4 43 55 6 89 1 91 78 81 35 89 22 40 80 94 93 66 9 12 89 48 11 71 99 11 66 21 36 10 26 56 21 97 62 61 61 37 72 67 57 78 9
3 92 35 71 18 30 44 77 81 97 97 39 14 31 17 9 76 8 42 32 77 2 87 61 97 88 43 16 19 49 48 31 8 20 53 17 64 34 98 36 41 72 45 25 51 84 47 72 90 7 74 35 89 66 86 54 70 47 66 33 63 99 54 28 52 44 95 55 46 41 99 51 20 22 74 0 15 71 45 12 69 20 64 2 69 10 91 5 67 79 54 38 70 9 10 59 79 59 20 17 86 85 6 79 80 48 52 42 72 84 7 22 37 4 17 48 11 13 5 26 48 24 83 84 12 24 29 92 81 11 77 17 53 1 8 16 90 43 84 71 77 36 47 44 77 82 22 50 15 1
1 54 87 95 91 74 35 5 95 8 7 93 31 15 5 91 20 35 17 47 81 99 10 62 20 49 65 8 57 79 43 43 88 69 7 33 75 10 13 58 57 94 56 19 62 34 34 78 41 74 45 50 50 43 8 54 51 79 14 50 27 66 27 7 96 56 94 75 43 68 15 57 30 67 76 41 0 89 78 21 88 66 43 83 3 59 77 75 23 86 43 47 18 69 43 81 53 35 84 91 63 53 58 64 62 23 6 34 74 68 78 3 95 48 58 55 94 14 77 53 8 32 57 100 5 7 11 79 52 86 18 67 53 24 46 62 4 71 90 77 51 88 14 59 34 84 54 78 77 85
74 68 67 78 64 95 23 94 41 50 99 53 30 5 24 96 92 44 100 19 69 100 82 35 91 29 95 67 65 25 10 56 15 81 58 47 45 63 38 22 50 79 78 100 46 8 18 31 16 86 1 4 79 80 66 87 55 53 49 18 35 82 18 79 78 29 1 10 78 31 33 15 68 29 14 79 12 0 26 14 42 88 42 66 41 66 35 56 94 70 78 60 67 58 6 42 13 70 58 65 81 85 7 42 83 77 19 82 62 57 13 12 68 18 7 37 19 87 48 85 69 61 49 36 17 9 41 19 72 20 71 50 72 13 2 85 29 72 79 95 68 24 73 63 19 44 27 39 6 100
93 59 97 100 97 23 43 20 65 20 84 41 33 71 71 19 94 3 1 69 27 90 88 11 98 15 42 17 92 97 40 17 47 76 33 37 2 58 75 67 42 12 62 74 23 37 53 2 57 27 14 2 9 39 48 9 10 66 83 21 73 98 7 50 57 99 16 12 13 38 54 78 34 52 76 58 98 56 0 9 65 18 55 75 69 2 84 96 55 64 99 86 67 94 82 69 55 7 1 88 83 56 52 13 45 77 56 33 54 48 7 10 59 72 20 38 81 26 52 25 1 95 83 93 26 87 57 62 90 86 72 62 24 62 20 22 53 46 6 67 42 1 1 77 47 25 32 99 58 17
72 38 52 48 29 96 98 88 42 96 73 86 43 94 84 55 29 97 58 22 87 65 56 20 57 10 89 76 37 43 59 53 97 39 39 23 49 96 82 66 2 33 53 32 24 39 67 42 5 78 68 9 7 89 46 1 83 94 72 45 70 81 56 81 17 34 41 13 97 92 70 63 42 44 80 89 92 43 34 0 81 78 72 24 73 52 48 14 35 3 79 3 2 21 18 25 36 26 45 94 20 2 57 57 6 57 3 76 11 24 28 70 67 65 73 45 22 11 34 67 89 44 21 42 89 19 51 49 2 82 46 56 45 79 86 50 84 18 34 83 2 43 11 43 10 68 19 54 82 62
15 47 36 74 38 55 91 84 22 55 96 68 12 40 76 71 66 83 99 88 94 68 38 45 83 53 91 35 52 98 60 55 68 70 60 84 46 51 83 51 25 19 23 27 68 35 22 39 98 1 8 19 66 53 84 31 3 60 10 62 25 84 42 91 36 37 2 46 26 56 4 27 35 43 8 91 62 34 37 46 0 27 5 49 11 46 23 37 20 15 84 7 20 60 49 82 65 69 36 64 16 54 47 7 18 2 4 43 8 57 41 72 40 82 73 30 92 65 45 72 89 47 1 34 44 78 92 98 61 63 12 36 42 69 65 14 30 22 83 25 48 70 69 98 99 79 52 38 7 76
96 33 53 52 6 46 90 10 87 70 90 62 13 29 62 56 91 27 63 26 85 67 24 80 15 90 66 41 67 98 50 49 48 65 51 38 16 11 24 28 100 75 22 26 74 91 94 95 31 99 8 56 49 45 37 18 44 38 60 23 63 100 35 96 4 7 25 22 44 78 72 67 20 96 72 48 52 73 18 11 2 0 34 23 81 44 13 62 87 58 48 24 30 51 76 41 35 22 48 45 25 43 79 93 70 100 1 95 89 60 90 5 60 98 87 75 60 21 62 18 15 59 34 43 96 33 56 33 9 86 87 64 70 51 83 51 93 88 40 96 54 20 9 49 18 19 43 51 28 31
11 80 4 19 11 9 72 40 8 90 81 17 77 5 90 43 5 53 28 29 10 100 39 91 60 55 65 62 92 53 30 92 55 34 7 86 53 41 25 19 23 46 81 4 21 57 77 98 81 73 54 35 42 99 59 61 41 49 89 87 69 60 25 6 59 82 33 29 99 50 32 48 32 35 70 72 78 22 9 73 21 41 0 20 42 69 51 53 26 41 17 12 94 45 56 43 35 94 18 44 7 59 64 77 48 31 94 39 48 94 12 8 37 97 15 78 24 66 93 71 52 64 66 82 42 30 28 44 94 89 91 11 36 38 34 60 5 93 4 2 95 16 81 33 95 55 87 26 63 78
31 81 86 94 79 81 95 48 95 45 54 54 58 96 12 16 80 100 74 98 88 34 83 52 62 54 11 89 96 89 16 22 12 31 33 46 92 23 82 15 99 12 52 24 75 26 11 95 62 61 52 51 18 61 9 79 92 70 57 54 84 32 30 7 13 10 95 97 80 46 48 37 6 72 53 19 5 98 29 82 91 82 5 0 82 57 13 43 57 45 64 3 28 16 43 78 73 5 44 4 61 25 85 13 72 63 81 42 33 64 50 42 24 88 9 73 77 24 76 57 59 14 56 83 16 75 36 40 8 23 60 87 62 69 45 88 39 59 12 93 42 88 65 16 89 90 88 78 87 62
81 11 91 7 65 49 24 56 53 15 98 53 28 49 83 41 15 75 50 81 58 38 53 13 12 21 68 19 27 65 62 95 100 92 82 95 93 88 92 71 77 6 43 74 100 83 58 29 11 44 5 75 56 54 34 66 64 80 50 12 48 8 36 11 43 51 38 57 92 30 52 72 59 94 31 71 100 87 1 41 73 69 81 64 0 26 84 17 31 27 85 41 91 47 29 44 8 4 12 20 88 63 37 5 87 38 20 42 6 54 30 59 100 30 38 81 48 38 8 45 25 33 96 23 76 77 73 24 43 79 30 88 16 96 53 60 90 2 81 36 92 56 42 78 81 59 30 55 57 42
68 82 57 66 97 45 6 75 90 56 75 100 58 86 31 86 60 1 88 26 68 25 82 79 59 68 79 33 13 24 57 73 33 88 16 86 30 35 54 26 95 98 92 87 6 61 16 25 42 73 81 63 85 46 50 87 81 28 22 23 43 36 20 71 75 87 54 63 66 91 95 92 71 70 48 71 14 58 62 53 6 6 64 50 63 0 21 13 95 28 98 69 40 62 78 1 26 29 20 65 98 98 62 93 54 98 22 93 48 91 61 99 28 100 27 92 4 80 23 88 45 23 91 46 3 16 16 24 43 72 99 27 78 40 28 36 63 30 43 90 82 9 5 50 100 1 60 7 63 86
87 20 4 79 33 80 69 48 72 66 13 23 16 32 44 75 85 24 50 100 87 60 52 43 1 23 41 80 47 12 65 95 98 3 57 3 48 61 89 4 13 2 42 6 4 5 37 66 41 99 36 64 62 11 45 88 80 72 28 53 87 26 22 79 96 41 26 21 51 24 15 46 2 25 68 18 6 51 73 54 5 72 97 98 70 18 0 91 46 57 14 99 37 53 49 58 89 18 32 29 74 28 47 85 6 65 73 99 20 22 40 36 13 47 87 11 33 23 87 97 74 55 8 9 68 64 51 10 88 36 34 6 5 13 12 20 8 58 89 71 68 25 61 58 81 4 59 50 41 61
69 24 80 84 50 77 93 80 4 24 94 45 48 71 93 15 59 91 72 27 15 52 100 94 47 20 5 9 52 78 74 8 36 100 88 23 75 76 48 65 77 90 7 64 92 99 82 88 70 61 87 82 42 8 34 69 74 20 33 80 71 35 98 35 35 35 29 11 39 35 54 6 71 19 40 66 3 86 24 34 70 82 76 98 15 98 75 0 99 94 13 74 15 67 21 26 60 62 15 20 23 91 17 82 38 6 96 92 7 84 74 2 81 24 93 29 93 52 7 37 65 90 53 97 78 15 77 1 74 52 28 18 54 80 12 64 17 14 17 47 93 69 26 90 36 70 45 95 67 68
32 47 74 5 48 24 21 86 83 33 35 48 77 61 38 30 80 78 74 11 8 11 6 86 17 98 79 83 96 73 51 80 86 40 52 33 18 86 47 100 53 8 52 38 20 26 72 69 86 5 76 92 81 58 44 96 32 77 28 70 96 29 56 85 8 83 9 6 78 29 80 32 18 25 95 84 48 53 54 86 16 43 18 74 54 21 44 16 0 76 32 57 43 12 39 18 56 28 39 26 16 92 100 84 18 47 96 24 26 94 47 68 94 20 65 46 50 55 58 47 75 85 59 75 68 68 21 23 72 84 46 90 83 3 82 67 51 98 25 7 90 22 40 64 71 3 24 95 70 87
72 94 94 6 12 11 84 4 49 15 6 93 9 47 5 37 73 43 37 96 18 16 45 2 83 26 76 92 36 28 37 64 11 75 32 29 12 13 10 76 88 5 46 19 15 15 82 47 21 34 100 4 90 10 18 72 98 69 76 97 11 78 75 68 9 70 95 58 100 17 87 64 25 18 10 49 19 10 69 3 99 47 3 63 53 30 70 100 29 0 74 11 52 94 78 24 33 52 84 14 82 41 88 23 86 1 59 83 71 94 1 76 12 60 51 69 79 4 27 80 9 51 27 90 50 19 77 38 86 13 13 48 5 62 49 79 10 18 15 20 55 76 22 83 53 85 2 71 88 74
25 69 44 62 40 92 23 49 41 89 71 44 18 68 67 13 23 85 14 99 88 15 96 66 28 30 15 67 22 22 32 18 79 15 28 22 26 82 53 92 25 24 29 18 90 76 19 87 34 70 94 13 12 56 52 59 31 42 15 83 78 94 58 47 23 37 51 100 98 21 94 45 16 53 9 3 80 42 5 96 79 22 77 29 57 80 40 34 34 21 0 97 58 36 4 75 11 96 100 6 48 58 54 53 25 84 50 18 32 85 36 55 57 8 46 40 73 5 77 75 20 16 9 25 61 85 3 51 81 49 4 33 28 93 25 80 12 32 27 8 17 26 99 33 70 2 62 41 5 60
9 1 59 93 42 17 26 38 23 9 53 93 41 20 74 48 51 69 34 71 89 6 89 7 15 92 99 39 5 61 28 100 60 45 48 76 50 86 64 3 11 5 52 40 35 90 41 15 38 88 87 93 46 32 56 91 85 14 93 79 94 16 48 48 79 51 11 55 99 20 2 6 85 33 93 66 15 55 59 90 53 90 16 78 41 51 38 83 86 20 73 0 38 18 10 80 58 20 52 76 80 18 44 79 92 28 87 21 76 9 18 51 81 5 32 17 23 87 13 27 18 99 35 50 13 43 5 69 59 70 20 86 24 33 34 26 43 92 74 58 83 84 66 50 36 41 93 74 62 2
28 37 43 30 97 49 27 51 34 85 98 53 54 60 52 10 71 67 43 42 11 71 34 24 51 92 42 16 72 19 86 40 49 9 60 48 56 29 31 43 49 48 98 59 78 35 96 14 52 63 50 61 50 74 7 62 4 20 30 73 95 8 35 77 74 78 67 26 21 82 47 33 41 30 7 13 41 50 51 55 21 75 86 30 94 39 30 44 70 6 3 81 0 22 54 12 66 94 19 36 6 5 40 40 82 23 91 6 64 44 66 68 30 64 72 56 54 89 29 32 59 44 42 98 71 60 52 20 79 92 83 11 63 12 36 67 81 93 66 87 18 78 15 2 21 18 100 61 20 42
59 25 88 10 90 22 59 5 61 74 30 81 70 41 61 21 20 96 68 48 33 87 61 55 69 41 66 20 6 85 61 92 14 81 96 68 74 89 1 80 19 67 73 88 54 13 41 44 16 98 66 59 98 99 19 9 44 71 6 59 83 53 1 26 51 65 89 98 96 10 97 1 14 29 77 16 99 86 92 87 49 39 75 56 82 32 97 50 79 42 40 65 42 0 77 41 84 71 29 54 75 99 54 34 15 33 42 74 87 85 20 12 15 78 66 83 46 46 95 41 24 89 33 10 60 19 21 50 19 85 20 51 15 8 8 55 48 20 77 96 76 25 98 8 88 38 84 100 64 28
57 10 33 92 61 88 9 79 69 40 16 79 1 10 82 17 43 66 8 3 79 12 95 35 60 81 55 90 5 97 82 90 98 63 31 25 81 42 29 37 82 84 71 57 64 61 89 47 78 45 37 7 55 61 20 35 19 72 53 1 6 54 79 90 97 14 81 45 16 83 40 89 25 79 44 9 71 70 70 71 90 95 20 76 16 87 90 1 56 41 89 94 58 83 0 34 78 70 6 33 15 90 10 75 28 64 41 52 21 80 50 32 56 26 71 63 42 55 55 78 25 35 87 71 7 79 59 30 33 75 92 81 77 45 66 26 82 53 83 97 58 82 77 83 38 50 75 54 56 93
16 18 77 60 66 27 83 92 76 33 25 39 37 46 91 98 42 49 14 63 50 61 3 84 39 88 93 98 45 60 56 7 89 70 52 39 85 93 90 21 85 34 11 84 53 14 14 55 74 96 44 98 42 67 70 35 16 63 98 33 37 7 77 54 95 95 61 51 66 23 83 1 4 70 73 52 14 95 7 71 23 5 51 4 91 14 8 73 65 55 32 51 51 95 82 0 44 49 33 94 51 75 16 88 93 53 29 61 42 28 76 77 16 42 79 47 18 49 57 97 91 18 43 5 65 29 59 3 38 89 3 78 37 25 57 64 22 79 98 88 83 19 6 99 67 48 30 87 72 85
31 32 75 28 35 22 21 1 25 16 58 97 12 83 40 45 69 28 99 98 46 46 78 38 64 10 83 76 11 24 57 48 57 79 16 17 9 27 38 20 62 65 94 90 73 32 44 6 5 17 42 29 76 17 80 58 8 45 50 99 56 48 13 83 37 76 32 2 93 22 99 41 20 7 87 1 40 20 44 86 67 96 58 55 10 33 44 87 1 74 22 65 4 45 17 36 0 51 7 67 69 54 86 32 70 83 35 59 100 80 33 90 87 30 1 6 25 88 53 72 83 30 79 57 93 32 47 62 2 12 82 58 48 43 17 64 45 9 33 51 61 57 88 82 87 81 90 78 43 82
14 100 90 88 15 35 83 55 58 53 38 44 85 20 36 29 98 42 89 46 72 35 99 1 4 39 48 84 25 17 65 62 10 30 4 67 7 41 56 17 21 38 27 64 85 5 86 21 75 7 77 83 70 32 57 59 92 59 51 46 4 5 45 67 89 78 32 55 71 9 83 66 34 85 96 60 80 29 72 73 60 20 55 1 41 36 10 70 20 63 54 89 44 29 26 76 4 0 69 88 22 16 37 64 42 77 42 72 91 69 36 41 72 37 28 25 53 24 48 46 19 24 75 5 93 86 10 41 20 79 27 53 36 49 52 92 18 27 33 86 72 60 62 26 57 21 83 21 98 60
9 74 32 69 68 65 35 4 49 43 50 18 4 33 63 60 23 70 81 25 68 49 73 56 73 26 87 45 21 77 91 32 12 79 51 97 4 39 78 37 64 100 79 71 28 24 54 82 86 84 59 27 97 89 35 37 52 31 63 66 87 79 18 30 67 97 39 85 58 62 15 27 6 49 25 38 53 84 30 45 13 40 33 19 49 96 87 28 40 65 59 85 43 27 48 39 54 23 0 90 8 15 92 25 8 93 14 56 44 89 47 91 74 97 27 23 34 51 60 62 76 19 92 18 29 73 25 33 50 76 19 84 96 11 93 73 26 6 76 56 85 76 51 16 24 32 20 50 96 53
11 20 5 35 55 49 37 36 82 35 88 51 68 54 70 50 85 5 35 36 41 51 25 6 67 54 13 96 50 76 76 43 11 64 11 85 43 68 26 5 22 42 71 63 35 13 10 81 66 37 77 9 66 90 71 70 6 94 72 70 98 2 73 90 60 59 28 11 90 5 14 77 70 81 33 95 64 39 33 45 89 16 6 67 24 38 66 11 67 58 84 95 24 67 54 74 61 32 46 0 13 21 13 90 87 20 35 74 97 94 94 70 7 42 36 76 77 24 86 58 17 9 96 54 99 94 94 3 1 29 38 32 40 39 26 100 28 10 100 9 7 24 78 90 26 43 44 73 23 79
62 26 49 72 70 13 10 97 72 64 43 28 9 15 75 76 60 65 48 23 65 20 82 49 5 3 82 69 30 31 68 59 25 8 13 99 86 31 82 1 84 12 2 94 83 60 86 10 79 66 18 21 17 92 67 60 1 12 84 37 13 94 28 94 21 85 72 25 27 92 26 29 32 79 2 29 62 79 16 56 60 96 9 2 25 76 6 61 46 61 15 9 80 24 28 94 44 28 24 37 0 37 17 33 22 59 27 54 52 10 43 96 87 98 61 23 9 41 68 60 61 68 80 74 93 25 95 69 38 59 76 98 29 54 45 20 62 52 14 93 78 41 66 83 8 35 73 74 86 88
75 21 6 38 67 41 53 90 55 21 15 72 11 44 51 50 65 17 3 21 92 41 60 43 75 44 26 11 37 46 31 53 21 89 94 95 68 29 81 57 20 78 3 48 91 58 79 66 51 12 2 89 42 70 28 33 60 9 52 84 62 68 35 95 20 47 37 67 40 90 33 17 79 24 6 14 3 86 41 46 38 27 68 47 27 43 34 43 37 5 45 5 79 9 11 94 5 57 59 43 71 0 38 59 41 21 67 11 24 31 38 88 9 49 42 36 23 19 39 33 9 17 15 39 17 73 80 13 2 31 15 77 74 24 56 91 57 60 5 9 40 80 98 85 75 89 31 97 39 39
61 73 7 61 87 80 25 22 61 68 73 30 1 76 66 39 77 60 44 19 22 98 13 54 69 21 36 66 43 44 15 33 55 78 83 27 93 46 81 11 9 19 22 40 44 88 80 75 43 38 17 76 19 45 90 64 18 4 52 50 33 29 3 95 32 8 46 41 55 44 89 2 80 34 6 86 77 9 3 92 28 89 82 99 15 48 26 22 55 30 63 44 26 90 50 75 59 91 69 7 14 34 0 10 57 46 44 68 46 97 40 77 35 19 34 2 56 12 37 57 33 20 64 73 51 59 74 80 53 12 37 94 96 36 78 97 84 89 27 18 39 23 50 93 93 48 97 42 32 23
56 56 45 65 4 17 39 9 58 99 76 98 35 89 4 81 89 94 67 94 11 39 67 75 90 26 89 3 82 3 57 99 36 50 90 85 32 40 11 64 68 98 80 41 66 65 28 44 72 30 65 76 82 12 98 47 98 54 44 33 44 20 97 26 25 73 21 11 22 26 87 18 52 51 95 16 99 89 9 7 7 58 44 82 71 13 93 20 25 16 98 85 94 11 56 35 3 17 85 75 4 5 51 0 56 59 52 76 14 91 58 67 92 82 19 34 10 11 45 14 29 68 59 28 63 54 87 30 73 19 41 25 7 99 39 96 59 33 69 93 47 62 88 75 7 3 100 76 92 94
1 75 14 67 64 70 100 34 57 43 36 76 1 50 27 4 94 35 52 48 43 19 92 1 30 74 73 76 29 52 7 66 24 96 4 11 39 83 36 27 7 7 15 35 75 85 13 86 59 67 35 72 4 74 98 28 34 7 97 64 67 32 98 58 22 23 16 11 38 49 31 51 77 74 91 95 42 92 47 91 96 75 27 58 84 44 62 72 51 57 88 89 64 19 26 5 93 100 81 66 85 42 40 28 0 26 26 87 66 67 68 47 58 35 29 96 47 11 37 81 71 50 36 20 100 23 52 100 56 95 50 74 6 17 94 71 4 31 100 76 62 18 48 96 12 49 46 82 46 18
24 46 29 86 12 2 59 86 73 69 86 54 69 55 87 92 37 34 84 88 6 2 16 29 40 96 9 31 73 57 65 92 74 1 47 83 68 43 85 3 35 34 92 78 5 49 76 15 93 88 69 71 50 23 50 45 48 2 45 68 24 70 11 59 19 95 50 22 63 86 68 14 16 82 79 35 93 64 80 20 50 54 3 94 98 3 77 59 25 46 24 90 100 94 64 3 51 68 55 22 36 35 92 27 54 0 94 38 98 1 3 73 73 98 1 12 83 61 55 34 88 66 95 4 74 52 4 38 25 60 75 92 52 9 63 53 41 94 2 1 12 10 89 64 1 7 49 88 9 87
8 90 57 22 3 86 81 52 65 17 50 76 82 83 5 19 44 33 53 40 70 58 74 56 90 69 37 79 52 44 71 32 84 54 19 65 54 1 89 14 9 98 33 97 77 49 17 79 7 60 19 56 75 77 12 42 76 81 16 48 96 74 47 46 50 43 87 77 5 62 71 78 80 10 91 88 80 18 43 18 88 30 32 9 73 90 78 11 13 28 35 37 95 68 26 11 21 37 25 83 99 14 72 76 21 5 0 52 96 25 56 61 67 34 69 59 96 7 56 63 53 95 44 35 33 29 14 88 76 7 77 99 94 18 2 27 64 42 67 81 44 45 36 30 21 91 82 81 7 7
8 72 64 58 84 10 46 35 23 90 7 100 29 2 74 17 78 4 51 88 92 71 23 48 6 92 37 80 60 27 57 6 78 54 53 49 11 23 24 14 8 80 16 8 49 74 97 37 98 23 81 71 94 85 25 8 69 63 58 89 89 23 69 49 31 100 58 98 18 50 100 11 50 56 57 7 84 18 12 44 53 52 45 35 38 24 25 64 34 96 72 10 38 77 46 99 2 23 16 33 38 77 33 30 68 83 39 0 20 39 3 49 91 42 41 44 60 42 28 43 24 32 48 3 53 43 40 65 78 75 96 49 21 18 30 48 64 57 49 86 71 94 92 65 74 19 2 64 54 52
59 24 50 70 25 38 32 62 40 82 76 40 87 2 6 13 45 89 10 68 55 66 79 43 37 33 4 25 20 25 64 38 67 37 100 50 67 35 31 85 62 59 35 33 93 66 15 39 24 20 78 78 25 21 48 77 96 63 66 74 32 93 82 28 40 62 48 72 61 91 45 81 76 98 70 3 98 62 13 46 32 10 79 64 3 65 65 7 32 89 97 16 36 72 26 55 23 93 5 44 49 70 57 58 40 4 67 65 0 83 26 10 100 93 37 38 45 36 67 72 4 40 4 77 77 78 65 2 79 85 30 9 6 58 54 19 56 88 57 90 53 5 30 22 21 22 41 35 66 68
90 14 15 55 31 42 11 3 58 29 71 82 94 47 53 22 22 10 18 20 16 6 9 97 45 84 48 58 30 83 83 60 44 8 35 19 12 68 81 74 4 39 68 29 96 1 81 48 39 2 27 1 15 90 95 89 21 81 94 3 11 52 4 90 14 55 14 70 87 85 87 23 86 74 91 24 7 2 13 64 77 15 1 65 9 6 23 91 41 18 57 64 69 13 97 55 77 30 81 49 3 52 43 78 15 81 99 40 15 0 8 10 51 12 2 37 79 69 98 17 61 48 100 89 24 82 61 92 95 20 25 11 39 71 22 69 72 73 8 59 86 44 64 65 11 22 18 39 10 57
75 38 27 29 83 57 78 12 65 95 25 38 21 27 14 75 87 95 77 11 27 39 39 15 32 53 52 89 60 76 66 66 38 5 77 6 77 49 88 37 30 20 67 87 74 27 55 58 94 100 56 61 40 9 100 1 35 83 64 14 90 57 20 3 32 65 6 77 65 86 69 77 55 30 93 16 24 18 87 15 42 85 61 54 84 19 77 29 31 67 76 86 6 85 11 39 45 90 92 29 92 64 42 62 3 2 36 59 8 16 0 54 70 39 5 13 70 57 54 99 84 100 29 12 6 82 82 48 62 21 22 41 22 7 39 65 83 9 90 94 38 93 15 38 23 85 64 38 75 54
3 70 70 100 77 77 7 74 50 69 9 51 33 72 10 80 83 83 74 34 6 43 32 66 74 4 37 11 25 12 27 22 95 55 3 7 10 64 47 47 96 59 91 3 20 68 15 8 83 80 11 28 8 59 11 45 90 56 83 97 61 25 25 27 12 40 21 31 30 1 14 17 58 19 35 100 63 92 94 50 34 74 79 80 75 21 20 9 65 10 89 8 73 51 30 54 34 23 24 75 4 79 42 89 27 62 60 25 71 89 57 0 42 4 54 61 96 55 69 44 73 37 4 33 23 61 5 16 80 94 97 72 71 47 56 94 72 59 35 93 38 48 97 34 35 70 78 32 84 14
34 1 30 29 70 15 38 83 5 94 59 92 21 3 39 73 39 16 74 96 11 69 62 40 1 11 80 42 81 55 21 1 74 53 63 43 42 69 44 64 92 79 82 12 14 51 83 19 8 37 95 14 94 43 64 5 67 35 54 13 23 78 22 17 21 22 19 89 16 56 87 40 50 88 54 39 26 77 13 42 65 53 43 53 53 51 81 24 32 88 94 6 39 12 90 24 57 33 82 71 33 61 45 10 94 84 44 11 75 31 44 59 0 31 46 68 7 29 49 5 39 75 65 38 4 2 98 6 14 82 56 33 39 86 43 48 12 60 70 9 68 30 30 36 79 57 74 47 76 88
96 63 78 87 76 6 62 76 21 20 63 62 58 29 97 53 14 23 15 27 45 75 95 92 11 73 79 64 91 64 59 28 49 13 50 46 100 4 21 42 8 40 48 3 67 69 22 87 96 38 32 60 46 59 23 28 5 10 80 55 20 32 96 44 70 82 80 50 50 24 47 55 4 36 95 40 31 36 9 28 51 53 61 90 60 81 89 12 39 63 13 50 13 4 2 46 5 30 48 16 83 2 38 70 53 38 3 66 2 29 95 79 28 0 57 24 38 75 56 3 75 91 58 60 8 70 41 50 52 43 81 93 41 84 98 45 62 94 45 75 74 80 6 98 89 29 86 47 15 39
17 10 12 2 80 47 33 23 48 36 64 11 62 10 90 33 34 6 100 39 54 37 89 52 73 7 81 40 81 63 76 75 82 79 22 100 87 92 96 32 72 46 5 80 15 2 69 14 27 16 76 97 39 18 37 4 57 85 69 50 87 33 99 2 50 50 5 43 66 3 98 65 49 46 73 28 67 33 44 98 43 24 8 39 74 14 38 35 25 12 78 51 34 91 71 61 42 55 89 13 27 57 63 77 27 33 81 12 100 70 28 82 75 54 0 93 70 78 42 62 62 21 81 80 66 16 79 77 75 60 15 43 20 48 28 26 62 85 94 21 26 45 90 14 22 47 15 68 23 58
57 92 94 94 67 72 1 50 94 86 96 46 47 66 33 71 94 55 42 59 58 58 7 32 47 59 77 51 42 59 61 20 48 50 94 53 100 39 65 27 27 86 13 33 40 56 64 70 70 84 64 21 38 24 84 87 36 27 80 11 68 52 14 1 37 61 84 82 86 20 97 70 77 75 13 47 33 98 33 7 22 91 14 88 38 31 9 76 79 25 19 15 12 37 95 98 6 4 41 87 21 20 32 14 8 7 54 96 24 58 41 22 60 94 11 0 45 92 65 16 49 7 18 39 68 11 95 3 95 92 100 79 17 38 69 7 39 93 59 44 76 59 100 64 50 44 65 15 87 75
19 49 87 66 91 65 63 88 45 53 66 74 60 35 89 38 16 88 94 37 36 61 94 8 95 50 23 84 46 80 83 10 57 25 86 72 72 60 13 89 91 65 69 94 6 96 61 52 93 15 29 100 78 79 98 30 96 72 4 91 99 83 49 12 1 36 58 70 97 7 31 49 69 96 28 20 8 52 9 96 84 2 58 74 16 98 75 94 54 14 76 22 3 8 12 70 66 60 87 30 59 65 69 11 49 76 26 59 15 21 75 51 8 68 79 4 0 20 80 79 95 27 37 50 66 74 93 37 16 36 61 50 90 41 28 18 64 6 13 71 11 27 44 49 43 30 86 58 21 10
56 100 31 41 65 13 61 66 80 44 22 93 47 29 42 94 76 73 58 4 23 57 10 77 21 22 98 5 96 78 14 62 16 19 37 12 88 53 11 77 23 47 5 29 3 67 21 8 61 86 15 31 90 89 45 98 50 92 11 84 2 80 53 31 14 8 73 49 65 49 69 97 94 16 50 99 91 33 31 73 35 38 86 95 97 64 90 55 21 82 61 49 18 88 5 46 75 6 7 37 51 39 2 62 76 49 80 57 24 86 43 99 59 2 91 76 51 0 65 25 100 55 17 50 24 19 81 52 78 24 21 94 81 22 81 67 87 26 74 7 44 35 5 89 50 7 80 47 6 36
60 41 4 8 52 49 2 82 7 82 94 61 35 30 57 93 12 37 14 49 97 49 5 60 82 84 58 2 43 58 6 40 44 72 96 91 2 85 98 71 50 74 99 15 58 63 69 60 11 60 84 83 35 23 59 54 94 64 88 40 13 16 68 16 42 82 95 92 74 51 29 41 96 98 65 87 24 88 4 22 2 58 29 52 69 28 26 52 78 83 86 69 15 89 6 27 3 85 36 64 52 11 40 96 98 26 76 96 21 96 39 70 92 77 12 42 8 8 0 56 84 85 25 67 28 87 27 15 4 50 63 98 65 34 9 93 22 25 85 98 76 9 14 48 92 2 30 40 67 88
27 77 23 82 11 35 7 41 43 87 20 19 46 51 4 81 75 80 20 81 41 73 67 40 3 93 5 17 84 32 56 98 32 57 11 15 62 31 97 69 19 29 3 94 41 99 18 5 83 74 31 89 38 5 14 72 52 33 56 53 64 34 23 93 67 22 33 4 59 7 45 61 48 84 70 24 74 85 77 82 32 97 66 91 78 2 94 3 57 53 31 11 55 27 68 71 63 97 39 79 99 74 17 57 69 69 74 73 11 56 61 67 47 90 87 56 1 25 79 0 52 79 48 84 65 5 67 86 45 79 100 100 44 56 42 35 86 41 31 3 65 39 94 46 49 67 63 5 59 34
90 75 69 72 1 87 58 89 39 35 13 83 33 3 69 90 15 40 47 39 30 92 94 33 62 100 41 89 34 45 57 10 62 22 40 94 47 52 67 30 7 19 33 3 5 27 11 44 40 97 99 52 86 53 26 93 29 85 7 44 22 75 24 92 26 41 58 63 95 13 56 33 60 54 67 96 7 59 88 9 70 21 11 46 34 68 56 80 45 19 85 64 44 28 67 60 52 23 38 9 19 30 92 22 72 87 86 9 36 10 71 90 90 61 55 54 85 83 85 2 0 31 65 35 48 88 14 48 30 73 62 35 22 84 61 80 70 88 76 96 15 67 67 59 52 66 61 58 14 3
91 7 65 49 83 55 11 58 98 8 85 41 33 36 53 57 9 91 2 1 11 33 26 42 15 26 91 63 9 26 82 94 15 26 6 77 72 2 66 10 52 23 66 66 13 98 89 91 84 13 83 9 78 1 100 30 70 66 95 64 88 88 23 85 50 62 62 74 41 99 44 66 42 46 59 5 52 40 57 82 22 95 18 94 41 74 34 93 46 68 87 38 96 47 84 36 54 82 16 74 79 40 74 56 84 47 47 33 99 48 59 63 98 39 93 32 6 2 50 45 61 0 52 54 6 30 46 36 88 91 64 2 21 90 53 63 14 52 58 92 65 21 84 15 52 100 1 19 76 11
47 21 8 56 98 8 27 62 82 56 87 41 73 100 37 77 91 67 91 76 44 10 39 73 56 50 7 11 58 3 68 19 16 90 12 71 46 14 39 98 54 33 88 10 25 44 33 45 60 30 78 14 20 73 100 10 66 14 81 91 29 22 2 34 5 85 87 72 20 74 86 21 5 5 21 82 92 79 69 92 69 96 65 83 99 46 71 47 15 49 26 20 20 48 81 50 16 67 89 15 91 82 33 54 6 87 67 75 62 9 48 38 17 64 75 99 40 46 24 98 87 84 0 33 16 31 62 17 97 49 72 18 42 44 46 35 36 76 79 14 36 5 65 65 60 46 32 15 51 32
79 64 50 36 22 68 21 89 17 70 92 23 24 88 98 52 28 71 66 89 83 24 80 35 43 67 56 97 56 76 63 89 74 58 73 69 88 23 33 57 52 85 45 26 22 40 26 36 1 53 4 64 12 33 37 66 32 39 10 14 18 22 6 43 56 23 100 60 82 43 14 83 92 20 17 58 4 6 8 73 58 24 48 100 20 9 78 50 1 13 56 83 75 69 55 89 4 16 49 8 65 12 5 28 99 34 13 99 1 12 14 54 54 88 18 31 63 47 31 77 1 22 31 0 44 29 30 55 15 19 58 99 42 65 60 63 19 55 12 22 96 62 51 34 18 91 56 82 73 97
34 100 97 47 37 1 41 94 48 78 43 17 77 90 14 83 59 89 71 44 77 24 41 75 51 79 6 100 72 98 72 62 89 15 34 10 27 1 70 48 75 78 31 57 47 7 62 54 9 2 35 35 92 32 69 58 6 14 80 16 65 16 97 29 72 40 90 69 51 46 3 54 77 15 37 94 21 36 17 87 81 23 63 1 84 56 47 45 100 83 68 44 17 49 6 72 70 16 61 66 7 95 58 41 3 24 30 33 12 48 47 78 61 81 33 78 1 67 64 91 7 32 94 1 0 35 32 94 8 23 34 12 71 48 68 82 34 100 16 10 17 9 47 90 99 89 48 99 77 5
42 60 2 10 74 11 73 93 40 19 65 57 98 90 82 32 92 78 15 57 33 18 66 22 75 41 96 22 11 12 11 77 97 7 98 13 31 40 54 24 9 21 40 16 2 28 19 84 84 29 44 100 72 60 62 72 36 94 41 21 22 54 54 68 21 16 62 78 79 45 4 97 83 47 69 46 75 43 60 40 44 66 20 95 28 9 45 96 2 96 40 28 75 8 28 64 96 27 89 7 4 53 68 77 10 37 97 5 27 72 80 37 39 34 12 5 74 12 63 63 74 9 79 55 41 0 87 84 8 81 62 15 2 99 22 52 31 17 32 70 54 32 73 38 56 8 82 9 34 36
99 64 62 86 25 65 75 7 17 37 34 47 10 98 14 60 15 87 25 67 92 73 100 73 6 2 25 78 91 7 34 55 25 59 48 5 34 81 71 5 49 39 10 27 24 39 82 19 98 41 6 100 67 35 18 27 55 48 94 60 65 88 25 75 69 53 43 8 43 5 20 87 39 47 88 54 49 42 3 76 11 39 20 44 24 44 10 84 63 98 17 66 57 96 10 43 42 34 43 12 88 43 11 64 55 74 87 6 11 93 67 2 43 14 43 47 21 63 74 51 22 98 2 56 29 39 0 11 78 55 81 58 46 43 46 76 10 57 4 68 47 5 13 47 93 47 60 19 70 28
22 44 34 89 66 100 18 93 20 33 31 36 71 95 2 75 91 75 12 73 69 1 49 62 33 100 35 59 5 9 80 37 81 67 16 77 77 32 14 54 67 74 84 47 100 32 41 8 46 51 95 41 22 45 24 91 98 68 34 13 59 64 100 74 58 100 10 19 4 94 98 81 23 59 43 100 3 83 95 12 39 60 12 67 86 2 5 33 99 87 9 98 48 13 86 58 16 61 52 53 31 16 49 27 49 57 41 45 43 83 2 7 7 22 32 96 100 78 51 70 20 55 99 42 28 62 66 0 4 76 84 39 42 43 69 36 52 100 34 10 21 59 73 76 57 66 90 44 75 72
35 51 9 77 69 8 12 49 13 86 71 35 13 10 76 42 65 24 28 39 82 92 64 52 95 84 5 21 100 31 63 71 63 67 91 54 31 57 73 83 20 53 1 91 51 48 63 36 68 45 33 15 69 44 60 87 59 39 62 56 8 82 22 61 92 83 99 53 37 52 41 60 28 74 47 21 8 12 43 45 91 22 67 48 44 10 73 16 58 49 6 53 47 11 87 90 41 16 68 84 8 92 70 62 27 42 73 15 42 9 58 80 63 60 56 38 46 47 37 3 68 7 60 95 51 89 17 32 0 87 19 19 97 44 39 79 66 12 16 98 58 63 11 86 51 97 65 71 97 87
92 22 3 29 2 95 59 17 81 50 68 68 1 48 86 40 29 12 35 41 90 96 80 26 25 61 65 67 93 36 32 17 7 37 18 40 84 84 49 74 82 57 16 9 50 25 43 39 19 68 21 41 1 12 64 33 1 25 53 42 99 58 31 64 13 77 23 92 45 84 45 45 45 90 97 82 37 14 79 9 75 94 59 69 71 50 11 17 62 69 78 85 82 57 59 38 55 78 79 71 6 91 82 61 43 26 47 42 60 58 95 51 39 48 13 44 52 23 80 46 97 98 5 13 7 13 16 80 99 0 27 13 37 16 33 47 6 48 98 53 53 63 83 3 36 28 85 68 63 53
30 84 87 30 93 6 22 18 88 49 13 46 83 57 18 82 6 100 74 74 51 27 14 67 43 98 37 67 26 81 2 49 25 69 58 83 39 34 84 17 5 92 2 37 99 20 56 48 34 1 78 37 95 73 8 80 34 59 40 100 38 25 78 40 43 100 42 26 79 86 89 65 64 26 74 56 68 72 76 64 16 14 67 35 88 50 63 20 48 17 99 41 33 90 90 59 22 32 4 98 70 88 11 15 75 58 62 82 69 92 29 35 11 32 29 34 47 9 29 57 32 35 23 3 17 68 84 65 46 53 0 63 18 78 44 53 65 90 22 18 9 84 49 85 79 7 6 65 96 86
20 15 21 84 32 70 23 47 27 96 57 84 1 43 93 16 93 31 2 43 22 67 86 25 67 46 86 28 51 38 10 44 88 11 43 63 78 31 53 27 84 9 49 60 18 1 1 45 88 40 88 65 57 60 75 27 28 36 85 73 7 26 8 75 65 58 93 20 73 12 15 3 77 53 11 31 84 62 82 100 41 79 72 91 11 2 16 94 53 8 69 48 10 11 1 56 39 92 85 18 42 4 41 44 95 46 14 62 64 15 45 75 48 94 55 28 5 54 75 82 15 98 15 23 23 36 47 33 3 47 47 0 3 87 18 43 63 3 8 20 68 68 80 35 70 30 11 47 8 43
61 58 96 72 20 87 2 35 26 61 9 78 41 15 67 60 70 74 67 84 40 3 63 33 89 39 39 75 41 74 69 53 30 50 36 14 12 95 45 70 1 61 34 53 85 57 68 12 57 22 72 47 98 98 6 91 80 59 58 80 36 19 42 82 90 19 24 43 27 18 47 16 65 6 16 13 26 63 45 44 27 78 89 64 62 10 77 98 70 15 59 64 49 86 64 5 87 54 31 41 49 57 19 19 95 71 56 15 14 59 51 62 68 96 98 75 84 88 4 11 100 16 97 77 100 80 66 62 87 66 64 8 0 98 4 96 18 69 98 75 65 74 63 3 23 83 7 22 20 47
34 12 77 4 69 19 86 83 67 40 13 58 85 33 76 10 42 45 32 42 41 55 39 59 18 56 76 97 84 7 78 77 13 14 94 5 11 69 32 16 5 28 11 8 52 34 82 34 6 55 2 72 61 64 48 1 79 28 56 27 17 70 55 88 8 22 21 5 100 61 16 99 89 91 79 66 33 7 27 43 93 86 4 67 87 74 21 95 6 59 31 39 93 82 72 15 68 8 72 98 97 35 59 12 58 95 40 36 9 70 83 17 91 43 87 62 8 2 35 80 35 73 44 4 98 15 63 25 95 40 12 79 100 0 99 74 46 9 92 6 16 35 63 91 31 71 84 7 24 86
13 78 23 73 85 79 58 96 47 23 50 53 76 40 1 82 1 32 14 84 61 94 86 60 39 74 14 57 19 64 56 45 49 72 94 88 32 32 21 2 51 82 95 53 42 6 65 37 72 58 85 59 46 64 87 70 83 60 98 69 83 37 78 23 76 13 34 83 90 63 88 50 39 55 69 89 69 66 1 72 84 31 60 2 38 60 85 87 16 69 15 35 54 60 57 98 17 16 50 90 59 22 85 83 7 95 47 47 66 18 82 28 100 84 57 90 10 62 92 34 88 78 87 22 59 29 67 96 62 99 66 93 66 23 0 80 19 69 93 78 42 61 59 59 56 39 58 11 61 80
53 68 13 77 73 66 80 28 67 85 44 58 31 50 59 67 69 29 70 53 80 62 50 48 46 43 40 20 8 18 89 53 95 36 80 82 92 14 67 66 74 74 48 72 23 43 83 38 31 35 69 37 97 44 2 52 32 74 25 66 57 33 93 36 6 54 83 58 49 90 91 75 6 76 83 29 48 80 28 76 88 27 6 96 70 69 90 80 71 1 4 70 56 81 52 72 58 59 38 24 73 16 8 69 50 85 9 66 7 26 48 22 81 69 51 10 47 26 51 21 35 54 49 77 24 5 94 46 26 52 11 82 58 13 99 0 17 1 62 10 97 41 75 33 58 49 82 57 54 37
38 36 70 100 48 40 64 58 19 6 41 11 46 52 13 26 61 66 95 67 86 83 38 81 8 13 11 88 11 4 92 52 63 43 100 91 8 7 11 63 70 24 49 52 82 37 66 2 99 77 84 43 24 55 31 65 9 14 65 83 55 19 57 29 33 26 20 81 55 44 95 7 71 49 8 78 96 26 69 31 66 52 21 55 16 11 50 95 63 38 63 41 8 47 98 24 77 6 73 61 81 40 29 50 7 39 27 32 17 27 83 66 58 43 47 50 6 44 88 81 12 55 53 86 61 71 16 50 87 81 52 9 99 41 35 64 0 3 63 24 81 29 58 70 14 62 20 59 49 4
8 20 11 23 6 4 27 95 74 87 28 94 75 31 61 49 77 35 46 75 71 67 41 57 80 51 54 100 66 5 91 2 85 27 51 13 29 34 68 90 97 95 77 24 24 36 44 22 27 84 11 53 10 6 33 73 1 18 93 74 50 61 9 36 1 91 66 13 92 56 8 14 89 98 8 7 83 81 19 17 29 83 49 67 94 52 85 75 56 91 52 53 98 64 14 8 5 78 57 7 26 48 76 92 5 40 7 13 33 82 21 36 93 24 10 15 75 62 11 22 19 61 7 4 44 81 100 78 41 97 12 58 70 6 23 75 65 0 62 6 63 22 52 6 42 71 34 96 68 95
75 72 70 25 51 29 25 21 32 41 94 41 27 81 35 71 37 23 91 99 3 69 100 56 58 3 26 18 32 75 51 80 36 80 88 39 46 19 42 57 95 81 86 64 81 30 76 64 17 78 42 54 84 51 15 37 69 38 98 45 91 92 52 83 85 58 62 29 18 81 79 93 36 80 32 81 57 92 13 77 5 4 73 29 5 24 69 60 37 8 87 43 55 9 15 28 43 68 99 87 90 87 69 53 73 77 70 25 74 76 8 60 63 25 57 79 7 68 42 95 49 62 14 34 92 98 75 82 59 41 6 62 37 72 77 27 21 10 0 47 46 53 67 86 14 45 30 29 62 67
98 100 12 23 49 83 30 21 85 67 64 2 13 65 25 66 13 81 41 82 10 4 79 95 41 35 13 90 55 84 83 75 46 73 87 33 31 66 71 54 90 80 12 73 85 38 1 10 69 42 18 69 68 53 62 95 83 72 23 43 75 40 82 95 2 44 57 19 36 85 12 55 62 12 7 87 92 73 79 17 74 57 32 44 91 44 60 20 28 80 29 53 60 76 88 63 45 32 21 1 66 27 60 95 96 61 50 100 67 96 39 63 91 67 15 100 98 22 71 47 45 3 2 42 13 37 45 91 13 68 92 50 88 97 5 32 58 14 51 0 75 94 80 83 44 78 35 31 95 58
63 43 16 3 95 68 40 1 86 59 35 57 63 40 36 61 17 83 36 14 70 60 77 12 54 60 85 54 61 57 22 63 31 42 33 88 97 9 9 56 77 91 26 37 91 26 12 69 46 85 74 58 30 37 27 19 92 26 61 35 14 11 75 15 9 85 67 40 74 18 76 57 83 29 27 36 38 72 51 42 6 32 68 23 56 84 80 26 50 73 20 99 52 98 99 61 13 24 3 88 86 81 44 75 84 100 92 7 55 40 32 88 72 91 14 28 74 45 44 89 60 87 22 28 35 52 73 86 2 21 38 69 3 45 72 61 69 72 53 94 0 56 57 80 81 93 97 43 93 85
20 7 52 3 23 77 55 16 10 97 68 31 64 58 46 4 14 28 30 74 70 8 91 90 93 67 96 91 55 28 6 55 36 70 30 6 80 35 5 61 59 75 95 72 61 90 46 66 28 93 99 37 20 7 63 23 50 67 59 26 30 21 82 1 41 28 46 22 67 58 32 36 27 81 64 95 23 81 84 16 34 17 66 96 60 17 46 12 8 33 57 40 42 29 99 17 38 14 98 25 21 93 1 93 40 71 23 70 49 42 36 13 70 5 35 25 86 41 55 10 13 51 74 67 2 45 82 74 90 10 16 47 15 76 52 93 35 69 4 13 62 0 47 22 16 38 36 96 2 2
31 44 57 38 57 71 65 18 84 22 50 75 17 29 33 77 45 21 37 2 45 12 33 80 87 44 4 55 81 42 30 67 30 15 59 69 74 33 41 40 47 11 66 77 79 14 85 80 54 37 81 84 41 22 62 12 32 84 84 79 65 88 57 26 55 94 21 26 4 41 45 93 37 17 23 50 22 42 51 72 17 18 9 42 41 93 55 16 48 44 73 72 44 62 51 18 85 66 68 19 10 20 84 64 54 7 88 84 7 7 81 77 21 23 38 29 79 87 75 26 73 36 65 54 20 94 53 19 4 11 13 3 98 90 99 48 11 13 80 17 82 84 0 6 75 16 87 52 72 37
44 45 92 96 82 26 53 96 75 6 13 12 27 21 49 58 88 14 40 46 67 60 44 1 37 79 25 89 45 4 92 26 87 64 60 63 65 69 45 29 98 19 34 64 63 85 83 51 45 64 8 27 76 55 30 80 78 17 68 47 13 78 20 52 12 67 100 70 48 6 34 61 46 98 1 56 7 64 2 65 38 23 29 98 26 12 82 90 77 6 9 48 12 26 26 71 14 72 58 73 97 69 18 33 7 98 51 21 58 15 49 15 25 46 41 19 65 12 67 25 98 51 46 2 98 69 78 7 11 80 46 51 78 52 44 96 99 47 9 75 98 94 35 0 33 75 25 98 78 10
93 87 83 89 12 9 56 1 21 74 90 6 83 2 24 75 63 66 26 78 4 40 29 92 42 96 2 69 93 40 83 62 33 85 38 78 51 75 40 59 63 92 84 36 26 29 73 20 37 29 37 53 68 57 99 14 43 90 39 46 49 99 2 98 79 57 8 66 23 97 22 63 84 64 59 90 5 9 24 99 62 62 75 47 39 93 58 10 33 62 51 12 22 24 75 66 93 33 45 41 87 96 98 70 89 99 37 40 91 97 56 59 61 78 94 9 67 18 91 35 63 51 82 83 83 60 100 33 52 44 25 63 56 4 47 36 62 92 41 4 94 1 89 70 0 44 41 38 12 28
18 17 6 88 80 97 10 45 91 8 83 69 87 11 36 83 65 19 42 93 7 10 49 45 82 56 58 78 14 42 100 93 30 27 40 88 69 20 70 49 20 81 22 94 45 10 42 85 27 100 90 71 83 80 18 93 2 11 27 23 66 66 41 4 14 64 5 1 91 66 89 88 81 74 17 71 41 55 97 48 66 60 21 88 48 51 81 65 62 45 60 68 95 87 28 51 93 25 73 58 46 82 29 88 47 11 93 81 78 41 59 35 56 15 31 64 18 43 34 31 22 88 58 75 46 2 77 86 22 20 25 84 30 45 15 42 90 7 58 44 29 64 19 28 68 0 1 67 38 91
70 3 68 21 53 27 9 81 68 40 19 99 41 91 21 1 70 97 53 80 87 59 75 43 25 44 77 74 11 83 20 64 55 60 39 8 12 41 57 5 12 37 40 87 1 57 97 45 66 58 20 76 23 37 11 78 67 11 87 92 56 30 78 90 31 14 43 34 17 14 68 93 61 13 27 99 96 57 70 34 98 36 35 65 15 17 61 75 49 62 37 57 28 45 30 74 99 12 86 83 28 34 19 81 97 70 50 73 100 20 35 97 16 60 72 69 5 17 47 57 15 59 24 25 32 44 22 81 68 96 1 25 27 14 30 81 67 73 65 30 52 52 81 88 38 89 0 81 1 73
69 27 77 15 56 89 15 20 12 89 69 45 58 11 31 33 94 39 85 88 85 84 22 58 29 72 90 23 99 74 57 77 53 31 1 41 20 6 62 42 88 6 71 95 16 52 56 59 45 11 29 8 21 93 100 28 98 28 98 22 7 90 38 65 12 97 54 76 75 66 13 39 6 9 89 14 9 33 5 100 60 25 2 64 4 79 73 98 84 53 81 21 21 65 69 75 75 29 64 57 46 13 36 78 78 39 19 62 3 3 84 31 83 3 15 73 68 24 17 69 59 47 73 47 22 68 16 20 57 69 7 11 69 14 56 70 62 21 62 75 44 89 70 41 42 73 29 0 49 21
80 62 41 13 72 51 50 74 71 20 42 54 61 30 35 41 89 76 83 57 1 76 63 39 36 37 67 61 23 54 29 8 76 33 13 67 88 79 93 95 91 45 91 94 51 77 25 61 24 95 99 35 36 7 62 55 58 46 39 35 37 68 92 13 80 86 4 22 63 3 27 100 31 53 92 74 5 62 3 19 15 3 8 67 33 6 78 95 96 76 97 14 86 49 25 20 79 82 74 1 33 77 22 72 59 1 72 70 33 17 44 60 74 35 22 3 16 69 84 86 88 49 14 42 44 78 18 39 6 53 46 61 73 2 74 59 1 84 30 51 4 22 9 77 19 100 26 77 0 33
92 77 72 38 44 84 17 33 5 40 12 59 63 91 44 76 2 31 59 95 81 16 38 94 22 4 26 52 91 79 54 19 5 42 16 43 36 66 93 63 3 100 68 12 18 63 22 7 8 71 57 78 82 87 54 20 94 13 42 71 27 28 63 64 82 36 98 55 61 7 24 4 58 55 9 69 92 62 3 74 64 83 92 76 64 73 83 38 49 42 85 72 82 57 34 24 4 54 45 48 92 50 27 100 79 91 59 76 63 31 52 30 42 66 47 99 58 5 6 25 64 83 25 62 56 17 99 45 87 13 36 13 76 52 77 45 53 46 85 35 82 100 68 82 3 61 45 71 49 0
